bias_started
-0.0974604636
0.0104718590
-0.0128870513
-0.0279569644
-0.0296763163
-0.0280690026
-0.0016054016
-0.0354779735
0.0171477851
-0.0115789380
-0.0639301017
-0.0240015555
0.0061151274
-0.0378399529
-0.0311070494
-0.0380545445
-0.0569414049
-0.0212411210
-0.0074120429
-0.0420865752
-0.0161127467
-0.0390255302
-0.0300430078
-0.0301093645
0.0032713306
-0.0102220755
-0.0245488137
0.0487836562
-0.0565421879
0.0089376010
-0.0320090353
-0.0272647385
-0.0314422958
-0.0292433351
-0.0088290758
-0.0409899019
-0.0399711058
-0.0420228839
-0.0205370896
-0.0089453068
-0.0285693966
-0.0275561791
-0.0564242639
-0.0500881523
-0.0429849587
-0.0355733894
-0.0178172849
-0.0417532064
0.0148218339
0.0244538449
-0.0377635211
-0.0279394966
-0.0534096882
-0.0383584760
-0.0518347360
-0.0560758561
0.0160131268
-0.0223355275
-0.0289774407
-0.0326024890
-0.0537808724
-0.0748801231
-0.0394075103
-0.0268113445
bias_stopped
