bias_started
0.0000196143
0.0009319416
0.0026417908
0.0039547426
-0.0202691369
-0.0130677028
-0.0203587487
-0.0163216759
-0.0022442357
0.0032668679
-0.0062457407
-0.0142717604
0.0007354519
0.0011854720
-0.0104667228
-0.0132531151
0.0154390102
-0.0077582845
-0.0069433642
-0.0177600849
0.0113740033
0.0036630121
-0.0056999037
0.0090362327
-0.0034689493
0.0061464617
-0.0110125095
0.0226166733
-0.0041867676
0.0123062804
0.0065270858
-0.0167835075
0.0369969606
0.0048441077
0.0002663053
-0.0127398754
0.0290481932
0.0188895836
0.0130032096
0.0132992323
-0.0195461754
-0.0182221923
-0.0120397555
0.0048350799
0.0011091908
-0.0141995987
-0.0200788230
-0.0100368429
0.0033118527
0.0134326136
-0.0143642472
-0.0137350988
0.0058530448
0.0067427540
0.0168911181
-0.0226388499
-0.0139144044
0.0179595705
0.0195642505
-0.0097556878
-0.0093366047
-0.0013681302
0.0084518427
-0.0315644667
0.0206889100
-0.0003003787
-0.0095733330
0.0170402676
-0.0184219815
0.0065306951
0.0062566428
-0.0063807294
0.0166908819
0.0000359249
-0.0226956755
0.0029679977
-0.0055180192
0.0255768299
-0.0009377226
-0.0362720042
0.0062222630
0.0142374597
0.0023569327
-0.0094556222
0.0017174021
-0.0261745825
0.0083041890
-0.0114042768
0.0167488921
0.0035488547
-0.0170912594
-0.0021043334
0.0136655318
-0.0006949424
0.0093071694
-0.0078992229
-0.0096255075
0.0476259775
-0.0109661715
0.0067406869
-0.0170407258
-0.0114098014
0.0084084598
0.0022408580
0.0173490476
0.0116786817
0.0140009969
0.0065782000
0.0259015672
-0.0277292784
-0.0187913328
-0.0083585503
0.0086853029
0.0146891298
-0.0143988281
0.0123315696
0.0043411599
-0.0005678097
-0.0237517133
-0.0019507398
-0.0092884609
0.0018146448
0.0151709020
-0.0242569149
0.0122122401
-0.0062256856
0.0173245557
0.0184413884
bias_stopped
