bias_started
-0.0543887392
-0.0425344855
0.0415192470
0.0174760483
-0.0483238697
0.0399929062
-0.0553441271
-0.0221769195
-0.0303617474
0.0578768700
0.0557302497
0.1134550124
0.0298904311
-0.0133703137
-0.0636881292
0.0288162250
-0.0259416103
-0.0498213656
-0.0422829092
-0.0173024870
0.0237097889
-0.0639800504
0.0061290720
0.0587539226
-0.0182925370
0.0296220575
-0.0111640841
-0.0557912514
0.0265223701
-0.0857386366
-0.0376510397
0.0828143209
-0.0456862189
-0.1190159917
-0.0081624221
-0.1067581326
-0.0299444180
0.0269265119
0.0894720405
0.0393442214
0.0720605776
-0.0863272846
0.0135560948
0.1497124881
0.0107019879
-0.0010676777
0.0670932531
-0.0877515972
-0.0059569604
0.0293812584
-0.0338110067
0.1030651033
0.0617748275
-0.0566251390
-0.0266834162
bias_stopped
