kernel_started
in_layer_started
matrix_started
-0.0721900314 -0.0918377414 0.0119040227 0.1941042840 -0.1357079446 -0.1331304610 0.0021155404 0.0990428478 -0.0949676037 
-0.0505992621 0.0198130719 0.1206149161 0.0708498061 0.1308461428 -0.1552178413 -0.1791937053 -0.0344428979 -0.0502923429 
0.1675788313 0.0811742544 0.0249357074 -0.1282032132 0.0128354849 0.0966939926 0.1188420504 0.0585558116 -0.0527973920 
0.0043652868 -0.0264426433 -0.2017793208 -0.1520349234 0.0037583229 -0.0646763965 0.0169581007 -0.0308586322 0.0345933847 
0.0974541008 0.2062764764 0.1730433553 -0.0182941779 -0.1479759365 -0.0315975435 -0.0350129791 -0.0184304956 0.1093863472 
0.0173714142 -0.1124259755 -0.0088638002 -0.0058569987 -0.1558655202 -0.1428194195 -0.0780205503 0.0240856968 -0.0517796166 
0.0217806231 -0.0185140762 -0.0268765315 -0.0006945322 -0.0107317856 -0.0315961391 -0.0155365914 -0.1528124362 -0.0114367325 
-0.1821955889 -0.1167846993 -0.0953671858 0.0643954650 0.0484202281 0.0396805145 -0.0715700462 0.2300737351 0.0760760829 
0.0293906368 -0.0078497874 0.0433408357 0.0673809275 0.1154978573 0.1203145608 0.2209397554 0.1602244526 0.1536015123 
matrix_stopped
in_layer_stopped
in_layer_started
matrix_started
-0.1156587154 -0.1323072314 -0.0676074922 0.2263250202 0.0880671367 0.1502879858 0.0861551315 0.1254075915 0.1958616525 
-0.2171797305 -0.1233250499 -0.0949155465 0.0810852572 0.0838314891 0.1366754472 0.0272073224 0.0312168617 0.0148978792 
-0.0825712681 0.1569825858 0.0500747226 0.0522172675 -0.0244135857 0.0652199760 0.1076776683 0.1222740188 0.0939327031 
-0.0504933074 -0.0518052466 -0.1566261053 -0.0727916360 0.1477770805 -0.0738085657 0.0619664192 -0.1443540752 -0.1528784484 
-0.0313423388 -0.1569628417 0.0384549014 -0.1663851738 -0.0440012999 0.0161703974 -0.0055726795 0.0321693011 -0.1528180093 
-0.0882866308 -0.0645726621 0.0695081130 -0.1035247669 -0.1286791861 -0.0638428926 0.0429315194 -0.0569462739 0.0700428337 
0.0211574528 -0.0876394957 0.0683220178 0.2031657994 0.1824858189 0.1355506182 0.0362262912 0.0357003547 -0.2000669688 
-0.1341134012 0.0187463313 -0.1168964580 -0.0852384120 -0.1016223282 -0.0012118367 0.0207891259 0.0194552559 0.0762101561 
0.1588358581 -0.1152342558 0.1298185140 0.0118507789 0.0008886493 -0.0099141765 0.1584589928 0.0141872475 -0.0399030149 
matrix_stopped
in_layer_stopped
in_layer_started
matrix_started
-0.0334989429 0.1548552960 -0.1151686907 -0.0035894103 -0.0140663004 0.0034622413 0.0134898629 0.3480401635 0.3511324823 
-0.0071607865 -0.0831501856 0.0360087343 0.0600178279 -0.2122261375 -0.0300881751 -0.0599222928 -0.0254324153 0.2872505486 
0.0111904973 -0.0929979980 0.0355580933 0.0057612378 -0.0125839598 -0.0764134899 -0.0292611811 -0.1059197932 -0.0124813030 
-0.0286182631 0.1051643416 0.0613831431 -0.0310619082 -0.0513864793 -0.1004226878 0.0260783285 0.1520278305 -0.0926410630 
-0.0184899885 -0.0763944611 -0.0081635490 0.0790760666 0.0742151439 -0.1119377837 -0.0737316236 0.0281053223 -0.0463470407 
0.0665605739 0.0542887636 0.0154105313 -0.0226805545 -0.0675766915 0.0092311595 0.0033853180 0.0838554353 -0.1065659598 
0.1400395036 -0.0576699451 0.1716436893 -0.0593038499 -0.0687563866 -0.1386526227 -0.0215513930 0.0851286054 -0.0502516031 
0.1831745207 0.0335113816 0.1388151944 0.0884018913 0.0291404631 -0.0542399324 -0.1187805012 -0.0012906776 -0.0849491954 
-0.0689637139 -0.1844603866 -0.0929625779 0.0194150042 -0.0011119747 0.0699727014 0.0296381675 0.0419182964 -0.1916380227 
matrix_stopped
in_layer_stopped
in_layer_started
matrix_started
-0.1076501459 -0.2214456797 -0.0673603043 0.0941479430 0.0270399544 -0.0105330152 -0.1093356684 0.0433934145 0.1674226522 
0.0484497920 -0.1158527806 0.0842042416 0.1657934785 0.1724119186 -0.0581498444 -0.0235179309 0.2520123422 0.1036314145 
0.0723818317 0.0132797556 -0.0864257887 -0.0086850664 0.0299860910 0.0662815943 -0.0302746724 -0.0675453246 -0.1304769069 
-0.0387002826 0.0350081585 -0.0390401259 0.0905534551 0.0673069283 0.1642306298 -0.0598783866 -0.2210125625 -0.1044671088 
-0.1061924100 -0.0606727377 0.1322792023 -0.0028005952 0.0617153458 0.2076195925 -0.0596728995 -0.0617003888 -0.1014585346 
0.0312337615 0.1773741543 0.2523443401 0.0502486005 0.1226138473 0.0434340835 0.0527026057 -0.1761728823 -0.1701067239 
0.2925211489 0.3271645308 -0.1762481183 -0.0953779221 -0.0155120268 0.0020882655 0.0111114532 -0.0205785092 -0.0310569480 
0.2396139801 -0.0791297555 -0.0684092864 -0.1868173778 -0.0955502093 0.0353018120 -0.0266276449 0.0383344851 0.0060313973 
0.3434541225 0.0229140520 -0.0410261117 -0.1042103618 -0.0863421559 0.0105187595 0.0576481260 0.1516063958 -0.0034268962 
matrix_stopped
in_layer_stopped
in_layer_started
matrix_started
-0.0960226581 0.0465582274 0.0948535129 0.1423204541 0.0052457913 0.0899853855 -0.0594781190 -0.0009834304 0.0507011749 
-0.0714222714 0.0781982020 0.0841374919 0.1812540442 0.1153369844 0.1229607090 0.0078010908 0.0254223067 0.0091539230 
-0.0672806501 -0.1997322291 -0.0521859862 0.1836782247 -0.0302637033 -0.2141471803 0.0539884083 0.0163629465 0.2371970266 
-0.1926164627 0.0370795950 -0.1099054441 0.1378044635 -0.1019966900 0.0258514583 0.0154809235 0.1585402191 0.1262984127 
0.0535312518 0.0286250226 -0.0506738648 0.2201735079 0.1633559763 0.0646712184 0.0866687745 0.1269570291 0.0766390339 
0.0222183075 -0.1308189780 0.0796416998 0.3083280623 -0.0854423195 0.0003930504 0.1303990930 0.1925142258 -0.0520978607 
-0.0392728448 -0.1686955541 0.1762550920 0.2499407232 -0.1526534408 -0.0814693868 -0.0464330651 0.0347000025 -0.0797379762 
-0.1332530528 0.0566017367 0.2967286706 -0.0744106323 -0.2170298845 -0.0828332230 -0.0667486787 0.0595535412 -0.2205790877 
-0.0404899828 0.1224220395 0.1538756639 -0.0010998873 -0.0772234052 -0.2351820320 0.0539150499 0.0691357553 -0.1068856716 
matrix_stopped
in_layer_stopped
in_layer_started
matrix_started
0.2661133409 0.0851118118 -0.0056391284 0.0818491280 0.0157899112 -0.0675548911 -0.0578757599 -0.0034286594 0.0307372846 
0.2268417031 0.0631161258 -0.0491923764 0.0426373407 0.0283693410 -0.1453861892 -0.1162887737 0.0781702027 0.0872072056 
0.1307767779 0.0960857049 -0.0184358116 0.0398096815 -0.0365931876 -0.0508921556 -0.2073706537 -0.0032148354 0.0481345616 
0.0812112316 0.0996328592 0.1650451422 -0.1313782185 -0.1074130759 -0.1410335451 -0.0490846299 -0.0474288762 -0.0674748719 
-0.0318220183 0.2449369282 0.0500061437 -0.2148914337 -0.0818033144 -0.1772132516 -0.0486750752 -0.1294006854 -0.0142598134 
0.0272403080 0.0020005987 -0.1490566134 0.1398599148 -0.1418424398 -0.0785091594 -0.0238361564 -0.1538980603 0.0026239215 
0.0976808965 0.0144641111 0.0514616333 -0.1547661871 -0.1252257675 0.0019868179 -0.0449050069 -0.0019441604 0.1180364862 
-0.0730085745 -0.0412309878 -0.1504373997 -0.0156268291 0.1426143199 0.0556133613 -0.0304983538 0.1150973067 0.1757011414 
0.0812664852 -0.0833582580 0.0346102305 0.1312767416 0.0687661916 0.0995141342 0.1688146144 -0.0259580854 -0.0824130177 
matrix_stopped
in_layer_stopped
in_layer_started
matrix_started
0.0757112056 0.0810351595 0.0393162705 0.1860118210 -0.0056035286 -0.0854816213 0.1293122023 -0.0345319137 0.1748373955 
0.2287246585 0.0259327870 0.1917441934 -0.0895279646 0.0687382668 -0.0256792642 -0.0617487691 -0.0386269130 -0.0004385849 
0.2128512561 0.0360112600 0.0799525231 -0.1080363318 0.0186967105 -0.0870668292 -0.0376854874 -0.0680250525 -0.1161849126 
0.0863703638 -0.1826388091 0.0339312479 -0.0737952814 -0.0181381069 -0.1175707281 -0.0488973819 -0.1380637586 -0.0492627621 
0.1082449704 -0.1779498458 0.0134686735 -0.0423123948 -0.0539672375 -0.1542929113 -0.1650713235 -0.1448953003 0.0242906176 
0.1000293940 0.0767356157 -0.1208857000 -0.1921184808 -0.1746220142 -0.1520388424 0.0495514981 -0.0958090648 0.0505823903 
0.0322607942 -0.0589848980 0.0113015054 0.0984846428 -0.1225221455 -0.1289483160 0.0546386465 0.1297899336 0.0453339182 
-0.0015132651 0.0140560064 0.1183065996 0.0853234902 0.0211964082 0.1978287995 -0.0216851439 0.0788086355 0.2117527723 
0.1716158241 0.0057598138 -0.1442327648 0.0919453278 -0.0112935342 0.1463682950 0.1274242401 0.0863432214 0.2158643901 
matrix_stopped
in_layer_stopped
in_layer_started
matrix_started
0.0824523121 0.0899895355 -0.0256704800 0.0905562788 -0.1737372428 -0.1024738103 0.1763808131 0.0166691747 0.0548762269 
0.1926604360 -0.1311609596 0.0281651113 0.0044295825 -0.1436366439 -0.0621142909 0.1993106157 0.0826398805 -0.1074403450 
0.1343020648 -0.0855188966 -0.1069120839 -0.0060595442 -0.0011351086 -0.0867684111 0.4116700292 -0.1893866360 -0.0207406413 
0.1348787844 -0.0547583476 -0.0895261988 -0.0884657204 0.0535315759 0.0674654245 0.1388292760 -0.1779573113 0.0470559672 
0.1255374104 -0.1124585047 -0.1126464158 -0.1677107364 0.1145530567 0.0271212719 0.1593545377 0.0879216492 -0.1903994679 
0.0873333588 -0.1073152050 -0.1529955417 0.0800453350 0.2718309462 0.0601073056 0.0821235180 -0.1538160741 -0.0843407661 
0.0806739554 -0.0077539748 0.0796054304 0.1406436712 -0.1495861113 -0.0344467461 0.2166943401 -0.0856962129 -0.1047276631 
0.0904207528 -0.0037890198 0.1014621258 -0.0312740132 -0.0412565209 0.0143321566 0.0629775003 -0.0605890118 -0.0859156251 
0.1089032292 -0.0260147303 0.1165973097 -0.0352488756 -0.0339750499 -0.1570748091 0.1759341657 -0.0336794741 -0.0148759615 
matrix_stopped
in_layer_stopped
in_layer_started
matrix_started
0.0607498474 0.1119307578 -0.0107405316 -0.0877081454 0.2457227856 0.0514489077 0.0293373503 -0.1138102412 0.0411963575 
-0.0671691447 -0.0006807038 -0.0419342369 -0.2056286633 0.2169071436 -0.1303275377 -0.0756322965 -0.0051760483 0.1317163706 
0.2425952256 0.1049288884 0.0715242997 0.0336688273 0.4037314057 0.1369609237 0.0306190960 0.0210020281 0.0488694459 
-0.0576677546 -0.1388087720 -0.0604923666 -0.0572194085 0.2301919013 -0.1738344282 -0.0905046463 -0.1860110164 -0.0176764801 
-0.0849040598 0.0469731614 0.0471202545 0.0405658297 0.1621187627 -0.1541195363 -0.1022176519 0.0216598269 -0.1154655889 
-0.0790049806 0.1875826567 0.0703818500 0.0278847404 0.1797520518 0.0381376781 -0.1713897586 -0.0528151914 0.0613183118 
0.0949630812 0.0575162172 0.0123051982 0.0086303502 0.0239205062 -0.0544185862 -0.1726046056 -0.0621982776 -0.1083110198 
-0.1534982026 0.1716755331 0.0641899779 -0.0091038998 -0.1350464225 -0.0488845445 0.0486100242 -0.1119496748 -0.0240555331 
-0.0052601779 0.2407580465 -0.0932181254 -0.0329653323 0.0383455642 0.1112349033 -0.1502556652 -0.0588963665 -0.0197466891 
matrix_stopped
in_layer_stopped
in_layer_started
matrix_started
0.0670783892 0.2531881928 0.1827175319 -0.0831070170 -0.1431854963 -0.1614773124 -0.0103152236 0.0293264836 -0.0513898619 
0.0511000007 0.2068752050 0.1083815098 -0.2463485003 -0.1736837924 -0.0300877001 0.0312093962 -0.1153541133 -0.0044645132 
-0.0402361080 0.0242401715 0.4031144679 -0.1444932520 -0.0583376549 -0.2399448007 0.0797463730 -0.0503407158 -0.0544268228 
-0.2079915553 0.1164857075 0.3784710765 0.2018178254 -0.0887161121 -0.2127577811 0.0778830349 0.0332193412 -0.1258636266 
-0.1934313625 -0.2155061364 0.1805734336 0.3172765076 0.0880533084 -0.0794944689 -0.1161348447 0.0045184414 -0.1467827857 
0.0481301360 -0.1048910171 0.0613322891 0.1771795452 0.1729564965 0.1795738488 -0.1112497821 0.0089827282 -0.0857003033 
-0.0623093583 -0.0542680547 0.0014268215 -0.0883366764 0.0519848391 0.0820601061 0.1340627968 -0.1159099936 -0.0014738102 
-0.0111722806 -0.0827785060 0.0453395024 -0.0110445349 0.0700120553 0.0554722883 0.0875221565 0.0446293056 -0.0669452548 
0.1655853093 0.0061587486 -0.0201064739 -0.2089421451 -0.0734063536 -0.0161693767 0.2325689048 0.2473364919 0.0893250331 
matrix_stopped
in_layer_stopped
in_layer_started
matrix_started
0.0692051426 0.0065845130 0.1786786169 -0.0925598666 0.0299372301 0.0164029673 -0.0158387460 0.0324151739 0.0336972661 
0.1034464389 0.0174269583 0.2403969020 0.0547154061 -0.1055176929 -0.0857130364 -0.0463442132 -0.0303795021 0.0005473559 
-0.0201243050 0.0332303122 0.3057294488 0.0300054643 -0.0913974270 0.0825242624 -0.2095078975 -0.1317470670 -0.0544172227 
0.0145155443 -0.0195904505 0.2105826586 0.1526491940 -0.0880424008 -0.1487825066 0.0073153288 -0.1005516425 -0.0817234367 
0.0514990799 0.1037620232 0.0917391106 0.1466229707 0.0790325776 0.0249220598 -0.1366502941 -0.0974219218 -0.0090136649 
-0.0271848012 0.0020509050 -0.0751879588 0.1492190659 -0.0129170613 0.1343301684 0.0232494660 0.0137995342 -0.0626579896 
-0.1403462589 0.0094625344 0.0134346914 0.1984580159 -0.0147084249 0.1223162413 -0.0580938905 -0.1030181646 -0.0615972430 
-0.0280620269 0.0251597390 -0.0865824595 0.2244437486 0.0160162300 0.1945994794 -0.1687577367 -0.0975895151 -0.1562424153 
0.0493524522 -0.1224992573 0.0849530920 0.0880617201 0.0111691160 0.1827596575 -0.0451908894 -0.0737392306 -0.2418486029 
matrix_stopped
in_layer_stopped
in_layer_started
matrix_started
-0.0015631197 -0.0700286850 -0.0323837399 0.0032807258 -0.0718845353 -0.0684240162 -0.0551785342 -0.0051491880 -0.0143212928 
-0.0606505089 -0.0454485863 0.1454256028 -0.0127736703 0.0042609978 -0.1500463933 -0.1123932600 0.0291205384 -0.0516115129 
-0.1283479482 -0.1586627364 0.1297754645 -0.0669554994 -0.0486312956 0.0113171125 0.0355444252 -0.0816260502 0.0153995417 
0.1801499873 0.3186659515 -0.1260477901 -0.0766532049 0.0076468871 0.0471139550 -0.0050857137 -0.1127297804 0.1259720474 
0.0766039863 -0.1289535761 -0.1011397764 -0.1612939239 0.0381378010 -0.0141346818 -0.0117176604 0.0583156683 0.0069296705 
-0.0203885883 -0.0151991257 -0.1273665726 0.2402741164 0.2169331163 0.1853744984 -0.0126469247 0.0116191404 0.0221652184 
-0.1010899767 -0.2046055347 0.1174348369 0.1910201758 -0.1921165735 -0.2098872662 -0.1885587424 0.1291334778 0.0258165076 
-0.0072555970 0.0683234856 0.0308168624 -0.0205542464 -0.1666716337 -0.1178838983 0.1350405216 0.0263463240 0.0436456949 
0.0664741248 0.1073017418 0.0392749198 0.0764583275 0.1300747991 0.3142375052 0.2574756742 -0.0744746923 -0.1508073658 
matrix_stopped
in_layer_stopped
in_layer_started
matrix_started
0.1736678630 -0.0222514737 -0.1151958555 0.0787796006 0.2132145017 0.2012556344 0.0594662093 0.1735601127 0.0189276170 
0.1976577193 0.0133027853 0.1396196932 -0.0328640454 0.1151314750 0.0591906346 -0.0261055157 -0.0440354906 -0.0923487097 
0.2494948357 0.1522263139 0.1022194251 0.0350805968 0.0103363963 0.1688328087 0.0666641966 -0.0659770593 0.2274553478 
-0.0144909425 0.0144678997 -0.1005745158 -0.0994019285 -0.1347474754 -0.1193895489 -0.0766973123 -0.0377249420 0.1711717248 
-0.0594539382 -0.1104566455 0.1297446042 0.0839458928 -0.1214205772 0.0202360507 0.1682327092 -0.1915812939 -0.0830851868 
0.0518536866 0.0088922726 -0.0433583036 -0.0439771786 -0.0707693994 0.0215312354 0.1322426051 -0.0605967604 -0.0758569315 
0.1013607904 0.0751572773 -0.0043424102 0.0638564751 -0.0396397486 -0.0663233325 0.2842460573 -0.0442107283 0.2308547795 
-0.0965982303 0.0140450597 -0.1265252382 -0.0015067629 -0.1565213352 -0.0230431855 0.1218711510 -0.1378231943 -0.1127628461 
-0.1874894798 -0.0374579020 -0.0502638556 -0.0943732262 -0.1865277737 -0.1826278716 0.1862995028 0.1270816177 -0.0479824506 
matrix_stopped
in_layer_stopped
in_layer_started
matrix_started
-0.1456581503 0.1618614495 0.0667123124 -0.0837518126 -0.0170768015 -0.1438695192 0.0179590043 0.0334344469 0.2122648805 
-0.1089217961 0.1024056077 0.1225039065 -0.0811760351 0.0133217061 -0.0689188689 0.0977263898 0.0288182162 0.0693793148 
-0.0279621016 0.0156917106 0.0777481571 -0.2067881525 0.1467789114 0.0250215679 -0.0664399341 0.0091131134 0.0832252428 
-0.1004080102 -0.2130370587 0.1188634261 -0.0304569136 0.1204934418 -0.0655606762 0.0078018480 0.0414904542 0.0595939010 
-0.0579832420 -0.1381311864 -0.0964677110 0.0567506403 0.1653826237 -0.0355875455 -0.0117268721 0.0383870192 0.2361310124 
-0.1409154683 -0.1384238154 -0.0245892480 0.0927286744 -0.0482426584 0.0205089860 0.1783651263 0.0662159473 0.0911534205 
-0.1004147679 -0.0008553989 -0.0496171787 -0.0531506836 -0.0478684008 -0.0644704923 -0.0210074186 0.1661671549 0.0403822176 
-0.2099742740 -0.0045831446 -0.0273723602 0.0468604900 0.0586008206 -0.0713627711 -0.1439783871 -0.0624028221 0.1170666888 
-0.0434940122 0.0572396815 0.0712368488 -0.1015382409 0.0709477141 -0.0680314898 -0.1096591800 -0.0748414025 0.1272653788 
matrix_stopped
in_layer_stopped
in_layer_started
matrix_started
0.0378953367 0.0589214563 0.0159082841 -0.1724735647 0.1151776090 -0.2188302130 -0.2198185027 -0.0447167642 -0.0930590406 
0.1256235987 -0.0051771649 -0.0482136272 0.0388786867 -0.0383052044 0.1148525178 0.0428772792 0.1314636916 0.1560449451 
-0.0077586072 0.0832692087 -0.1172252148 -0.1289563626 -0.0102451881 0.0449293740 0.2931111157 0.2094819248 0.0186033081 
-0.0170234684 0.0410148986 -0.2259759456 -0.1197321117 0.1735532731 0.1837296635 0.0091450345 -0.0377420783 -0.0861826614 
-0.1561186910 -0.0399459265 -0.0049148109 0.4246389568 0.1805131137 -0.1194698364 -0.0239366405 -0.0954383761 -0.0345935673 
-0.1861659735 0.1329943985 0.3459140062 0.2512517273 -0.1650685817 -0.0292895455 -0.1350022554 0.0991048887 -0.1832554638 
0.0202541426 0.2083700299 0.1083708331 -0.0715982392 -0.0871014073 -0.0796333477 -0.0301115718 -0.1512186676 -0.1232638881 
0.0160082914 0.3243828118 -0.0125334319 -0.1813880801 -0.0211114399 0.1069112420 0.0701801479 0.1397551894 0.2191448212 
0.1569430381 0.0460377447 0.0244856756 0.0903350264 -0.1358326823 -0.0167156067 0.0575561412 0.1611218601 0.0999473333 
matrix_stopped
in_layer_stopped
in_layer_started
matrix_started
-0.0234571658 0.1125503406 -0.0710524097 -0.2068891227 0.0416468233 0.1440971196 -0.0999674201 -0.1330135912 -0.1632818282 
0.2204813063 0.1942195445 -0.0797915012 0.0656790808 0.0293728523 0.0819482803 -0.1357745975 -0.2322569788 -0.2193623036 
0.0621565282 0.1673594266 0.0781353936 -0.0056693573 -0.0385706387 0.2616711557 0.1721149236 -0.0260158889 0.0279181711 
0.1143163219 0.0727620050 -0.1525744051 -0.0398983955 0.0364600085 0.0106467791 0.0145454006 0.0225589965 0.1401197910 
-0.2129727155 0.1873219311 0.2699299455 0.1784036160 -0.1109481379 0.0401993319 0.0232247598 0.1013728604 0.0298999567 
-0.0967461169 -0.0464075096 -0.1433504373 0.1459943652 -0.0012302591 -0.0511194281 -0.0402890444 0.0416854322 -0.1223835424 
-0.0797222257 -0.0679201707 0.1836726367 0.0225199535 0.3530417979 0.1949819922 -0.0709043592 -0.0403092764 0.0160735417 
-0.0881132185 -0.0849269629 -0.0870595202 0.0520683490 0.2115676701 0.2330465168 0.1437469572 0.0867782608 -0.0782042593 
-0.0617337190 -0.0411696993 -0.1793415695 -0.2220121473 -0.0453502871 0.1922662854 0.1581646204 -0.0426374823 0.0880169943 
matrix_stopped
in_layer_stopped
in_layer_started
matrix_started
0.1164403930 -0.0216553900 0.1392778456 0.1232772619 0.1725344509 0.0277552363 0.1066182256 0.0258401223 0.0565539338 
0.0650167763 -0.1275226772 -0.1630958766 -0.0659774989 0.0348620340 -0.0025382217 0.0386918858 0.0155435139 -0.1521587074 
-0.0723860711 -0.0032242043 -0.1052355766 -0.1133152470 0.0948830992 -0.0456642807 -0.0622157976 -0.0930556878 -0.1478463858 
0.1079623625 0.1169068292 0.1332450509 0.1163124442 0.2373238355 0.0343266614 0.1099448502 0.0411468595 -0.0657894164 
-0.0826335624 -0.0301490556 0.0482812971 -0.0245057438 0.1076193526 -0.0100549581 0.0158076081 -0.0204884335 -0.0091771232 
-0.2215694040 -0.1675582230 0.0790078193 -0.1313156039 -0.1009495333 -0.0660477951 -0.1351743639 -0.0160090141 -0.0853482336 
-0.0515412763 0.0448005646 0.3924854696 0.2311860323 0.2325842828 -0.1172177047 0.1094821692 0.1025724858 -0.0334678628 
-0.1290766895 -0.0074608624 0.1601724327 0.0234741475 -0.0827728733 -0.0071356255 -0.0233914349 -0.0694258437 -0.0602626689 
-0.0971650407 0.0184407551 0.2062745839 -0.1188378707 0.1465907991 -0.0138257034 -0.0346283056 -0.0278296005 -0.0640573576 
matrix_stopped
in_layer_stopped
in_layer_started
matrix_started
0.0642381757 0.0170423705 0.0440535098 -0.0002686437 -0.0091796014 -0.1505341977 -0.0786672607 -0.1065918580 0.0291027296 
-0.0141993454 -0.1078169942 -0.0336990468 0.1531971991 -0.0107945204 -0.0196764600 -0.1465309411 -0.1114428341 0.0132873626 
-0.0898118168 0.0005570874 0.0017794215 -0.0808792636 0.1642116606 -0.1117237434 -0.0326509066 -0.0312130861 -0.0912112668 
-0.0613100976 -0.0795150325 0.1033789888 0.0095029585 0.0416647680 -0.0074308133 -0.1190338731 -0.0473704748 -0.0646445602 
0.1040292904 -0.0147290509 0.0084768198 0.1071157455 0.0035653128 -0.1724300086 -0.0239219293 -0.0419874564 -0.0085599208 
-0.0294485949 -0.1036825925 -0.1304898411 -0.0435393564 -0.0262874942 -0.0305709764 -0.1878799796 -0.0142602855 0.0647971481 
-0.1403794587 0.0001102111 -0.0688411295 -0.0586987212 -0.0689798519 0.0503949225 0.1527371109 -0.0708749667 0.0096252142 
-0.0180396680 0.0223688930 -0.0856456906 -0.1027643085 0.0460805856 0.0521582738 0.1403936744 0.0099832239 0.0928696021 
0.0973658562 -0.1193561181 -0.1339118779 0.0053276271 0.0594111383 0.0632982925 0.2048412114 0.1339653134 -0.0565026999 
matrix_stopped
in_layer_stopped
in_layer_started
matrix_started
-0.0420254543 -0.1408586800 -0.0098511903 -0.1508265138 -0.1850038916 0.0940706283 0.0303512998 0.0116314581 0.0338627733 
-0.0463178568 0.0236431416 -0.2508217990 -0.0399840027 0.0022403428 -0.0842532292 -0.0321408138 -0.0587126389 -0.1063458323 
0.0446585119 -0.0933705643 0.1057655811 -0.0050074128 -0.0569879077 0.0214228518 -0.1379731148 -0.0537396371 0.0318266861 
0.1116415188 0.0735517964 -0.0027696746 -0.0471393205 -0.0269736648 -0.1595835239 -0.0495714992 -0.1434445977 -0.0284376498 
0.2192764729 0.2557099760 0.2347298861 0.0822247714 0.2263736725 -0.0039557810 0.2454303950 0.1616539359 -0.0237962864 
-0.0336786322 0.0048745517 0.2880951166 0.3540414870 -0.0265169740 0.1691277772 -0.0377468728 0.0996254086 0.0789116919 
-0.1410615742 0.0237733256 -0.0663106516 -0.0306566637 0.0273590982 0.0112587530 -0.0029702566 0.0305472463 -0.0311510917 
-0.0237782877 -0.1070681363 -0.1243436560 -0.1178478897 0.0025086000 0.0297568869 -0.1188211069 -0.0654883832 0.0974333212 
-0.0642534792 -0.0212493259 -0.0804109126 -0.0510102101 -0.0113498010 0.0545182563 0.0750839636 -0.0298056640 0.0653647408 
matrix_stopped
in_layer_stopped
in_layer_started
matrix_started
0.1460916698 0.0162772462 -0.0640413836 -0.0792446509 0.0500874333 0.0127838803 -0.1014616489 0.1099256501 0.0447843559 
0.1571175009 0.1289307326 0.1181383356 -0.1940623820 -0.1489897072 0.1501632333 -0.0673472211 -0.0841457918 -0.1518440992 
-0.0921771899 -0.1501028687 0.2556042373 0.1098876968 0.0160248317 0.4205360711 0.1040109619 -0.0484760292 0.0157370176 
0.0284937285 -0.1091104075 -0.0388249382 0.1444815099 -0.2845367491 -0.0816933736 0.0022013790 0.2473698854 0.0905160680 
0.1191814095 -0.1150192320 0.0847267210 -0.1507159919 -0.0021657788 0.2217831761 -0.0246965997 0.1397901922 -0.1691634804 
0.1465177387 0.0161728654 0.0096363230 0.1437705606 -0.0406633094 0.1753894389 -0.0527757294 -0.1000974327 -0.0890535638 
0.1615382284 -0.0168038383 0.0718973801 0.0077202651 -0.2258574814 0.0395262130 -0.1255563796 0.1041507721 -0.0201257169 
-0.0810616240 -0.1080363467 -0.0615511201 0.0767245293 -0.1234217286 0.0208309013 -0.0981640741 0.0624207333 0.0669893399 
0.0356004536 -0.0317512341 -0.0464063585 -0.0732958764 -0.1193993613 -0.0696046650 0.0227594040 0.1252920926 0.1527907997 
matrix_stopped
in_layer_stopped
in_layer_started
matrix_started
0.0504608937 -0.1130323932 0.0365005583 -0.0732756481 0.0031046858 -0.0055414289 -0.1320608407 0.0173840541 -0.2236083746 
-0.0883856863 -0.1272391379 -0.0264679193 -0.0329446718 -0.0863746330 -0.0849678293 -0.1194260791 -0.1228929013 -0.1127641052 
0.0442802534 -0.0733542219 0.0590036064 0.0993651897 0.0603518710 0.2729226947 0.1882121712 0.3819289505 0.3399900794 
-0.0009935868 -0.0686958209 -0.0661629215 -0.0074452260 -0.0100457035 -0.0316455103 0.0275746249 -0.0627230182 0.1893475056 
0.0384497829 0.0641510934 -0.1451823860 0.0173644349 0.0478290319 0.0502557568 -0.1547198147 0.0565039851 -0.0747062713 
0.0381180383 0.2794641256 0.0881459638 0.2990570664 0.1014466137 -0.1113324240 0.1528892666 -0.0824947432 0.0257391352 
-0.1648651659 -0.0482982136 0.0510942824 -0.1408138275 0.0393214412 -0.1264784336 0.0191360172 -0.0859273151 -0.1508294046 
0.0773301646 -0.1329060644 0.0167131908 0.0410095267 -0.0271462109 0.1040389538 0.0495247804 -0.0889686272 -0.0349338688 
0.1204833537 0.1285395175 -0.2044035643 -0.1688861847 0.0553813726 -0.0736511946 0.0187122412 -0.0563344322 0.0411345586 
matrix_stopped
in_layer_stopped
in_layer_started
matrix_started
-0.0015158030 0.0040768320 -0.0797426403 0.0080734836 -0.1380360276 0.1123502702 -0.1328376681 -0.0880130529 -0.1127349734 
-0.0026977928 -0.0044971826 0.1012739763 0.0474787168 0.0287086647 -0.0738379508 0.0139727434 -0.1660864949 -0.0793660581 
-0.0313703716 -0.0044878554 -0.0815678090 -0.1020666212 -0.1211275309 -0.0176614542 -0.0757553950 -0.0478254519 -0.0638096929 
0.1813847572 0.1697195619 0.0514832325 -0.0790341422 -0.0941776410 -0.0892924368 -0.0649641454 -0.0077324929 -0.0664473772 
-0.0183567107 0.1250978857 0.1510532349 -0.0359684676 0.0852991790 -0.0310242884 0.1574777365 0.0303329863 0.2870797217 
-0.0609826222 0.1836697161 0.1589299887 -0.0014315594 0.0014323287 0.0718297809 0.1144239977 0.2379969209 0.2267196625 
0.0790134519 0.0345607214 0.0804391354 -0.1223378778 -0.1109201908 -0.1639262438 -0.1225726232 0.0529202372 0.0272466056 
0.1965000927 -0.0580206700 -0.0585774146 0.0918842256 -0.1797794998 -0.1121043786 0.2265924215 0.1151290536 0.1025798693 
-0.0143188257 -0.1038978472 -0.1436907351 -0.0551885553 -0.0792095736 -0.0224438161 0.0132223349 0.0633785501 0.0171220414 
matrix_stopped
in_layer_stopped
in_layer_started
matrix_started
-0.0115330573 0.0854634196 0.2192112654 0.1525393575 0.2407534868 0.1271359175 0.0363662280 0.1285165101 -0.0504826866 
-0.1366946548 -0.0223953873 -0.0473293960 -0.0264287051 0.1059240922 -0.1502806991 -0.0704261810 -0.2051917762 -0.1686250120 
0.0189468469 0.0450718366 0.0284712818 -0.1055119932 0.2036855221 -0.1198369041 -0.0708426535 -0.0951818079 -0.1403034031 
-0.0232086834 0.1688588262 -0.0071812402 -0.1920598000 0.1149816364 -0.0811599940 0.0099134250 -0.1742772609 -0.0255751032 
-0.1533049047 0.0340989605 0.1276462376 -0.1982925236 0.1749344617 0.0578710474 -0.0119425785 -0.1470112354 -0.0587497465 
-0.0853971988 0.0448928513 0.1076349765 0.0556969717 0.0333714336 -0.0366701521 0.0355325975 -0.0933743939 0.0445987992 
0.0508287661 0.1051938534 -0.0672286972 0.0141926399 0.2267848402 0.0807768106 0.0617948882 -0.0135852601 -0.0682832003 
-0.1296944767 0.1090501025 0.0026329886 0.0952551067 0.1320031285 0.1779117584 0.0865578055 -0.1670286804 -0.0893186852 
-0.0104897749 0.1910124123 -0.1801914722 0.0680292845 0.0235400330 0.1309916228 0.0765392929 -0.0590962656 -0.0056960634 
matrix_stopped
in_layer_stopped
in_layer_started
matrix_started
-0.0027027575 0.1380499899 0.1750010699 0.2250542492 0.1202696711 0.0260741524 0.0845579132 0.0442493856 0.0178809017 
-0.0273517165 -0.0416761711 -0.1150184870 -0.1367994249 -0.0237804316 -0.0689232945 -0.0227602720 -0.1238430589 0.1274885535 
-0.0390619300 0.0580153987 -0.0654803291 -0.1543357819 -0.1076635867 0.0077082524 -0.0443948023 -0.0565154292 -0.0203082711 
0.1176819950 0.0947708711 0.2732901573 0.1227992252 -0.0416754819 -0.0650700778 -0.1951505989 -0.0782670900 0.0156910289 
-0.1167673841 0.0032530697 -0.0812266767 0.1356725991 0.0526621751 -0.0065626875 0.0099527286 0.0198822413 0.0473555364 
-0.1487279534 0.0628006458 -0.0977332816 -0.1661401093 0.0124877924 0.0611562841 0.0714502111 -0.0153920203 0.0123244552 
0.2752941549 0.1896256953 0.2922607064 0.3719041348 0.3277881742 0.2764513493 0.2335965782 0.3174786866 0.2503968179 
-0.0062969769 -0.0682716817 -0.1810410470 -0.2053752393 -0.1795000285 -0.1960568577 -0.1306888610 0.0122492276 0.0128126098 
0.1387691498 -0.1094222590 -0.1222481653 -0.1769175231 -0.0840298384 -0.0146831293 -0.0962075070 -0.1255264878 -0.0804419369 
matrix_stopped
in_layer_stopped
in_layer_started
matrix_started
0.1218498126 -0.0291343089 -0.0110022472 0.1933432668 0.2037650645 0.1029096022 0.1268889010 0.0818078294 -0.0813803747 
-0.1249212846 -0.0142384488 -0.0338049121 -0.1139515638 -0.1524105519 -0.0281179454 -0.0476674810 0.1628071815 -0.0105699906 
-0.0063199964 -0.1131865978 0.0115489084 -0.1271428317 0.0537053384 0.1136853918 0.1146862954 0.0779081583 0.1201074123 
-0.0049193329 0.1215237752 0.1576417685 -0.1518269330 0.1728996336 0.0374909751 -0.0887994617 -0.1946388930 0.0197023395 
0.0060154940 0.0211615525 0.1831662059 0.2756569386 0.1150438115 -0.1184407994 0.0718554780 -0.0034792656 -0.1323314905 
-0.0788529813 0.0467216484 -0.1878165603 0.1438176781 -0.0203465223 -0.0196863860 -0.1611552685 -0.1181490123 0.0347853005 
0.1077232137 -0.1310694963 -0.0397002771 -0.0810146406 -0.0329446495 -0.0363508239 -0.0724127963 -0.0838102922 -0.1102759317 
0.0033366396 -0.0158430673 -0.1908763647 -0.0803072229 -0.1595218778 0.0400439613 0.1268786341 0.0369603559 0.1630081683 
-0.0066052913 0.0989205837 0.1037467495 -0.0896578953 -0.1509386152 -0.0769584030 -0.0515478253 0.1185344532 -0.0697118267 
matrix_stopped
in_layer_stopped
in_layer_started
matrix_started
-0.0809316561 -0.1097682342 -0.0648330376 -0.0589524619 0.0387483314 -0.0307817254 0.0374123976 -0.0785806924 -0.1117594764 
0.0376336761 0.1368249208 -0.1082498208 -0.0701574758 0.0601267889 0.1609531641 0.0965386480 0.0073694447 0.0724404305 
0.0104300724 -0.0191922840 0.0789310038 -0.0428536236 0.0299269296 0.0587074719 0.0069879713 0.0126258591 -0.1063688546 
0.0974814221 0.0630969852 -0.1127244160 0.0842104554 0.0393992998 0.1634165794 -0.0010701504 -0.0870406702 -0.0187972374 
0.1787532270 0.1079660058 -0.0527223460 -0.0388715528 0.0087732859 0.1771793067 -0.0092104413 -0.0979836285 -0.1249612793 
0.1758964211 0.0397109985 -0.1183995008 -0.1456601769 -0.0047169533 0.0668792799 0.0403861366 -0.0895527229 -0.1199240685 
-0.0163818300 -0.1131032929 -0.1393025666 -0.0169235282 0.0183649845 0.1339874864 0.2281826884 0.1468727440 0.1334243417 
-0.0198444109 -0.1532588899 -0.0974628851 -0.1533356905 0.0120305968 0.0774343088 -0.0045678117 0.0223497022 -0.0273198280 
-0.1127753109 -0.1292366534 -0.2316369861 -0.1145489141 -0.1207524762 0.1229642630 -0.1197877005 0.0649158955 -0.1784735024 
matrix_stopped
in_layer_stopped
in_layer_started
matrix_started
0.0223413166 -0.1752859056 -0.1375834793 -0.1371317357 0.1148928031 0.0238036849 0.2725414634 -0.1185407117 -0.1053418145 
0.0666909143 -0.1256287396 -0.0003518823 0.0375601761 0.0782769397 -0.1037948355 0.0998520255 0.0729824677 -0.1037694067 
0.1453758329 0.2281562388 0.0884943828 -0.0795937106 -0.0730639771 -0.1067319438 0.2251908034 -0.0883314982 -0.0536336042 
0.1386437118 -0.0695831180 -0.0335317999 -0.1043297648 -0.0419875309 -0.1340181381 -0.0055215540 0.0179435443 0.1331220865 
0.1595793664 0.2737234533 0.0330723003 0.0726543367 -0.0969262123 0.0499122962 -0.0209520496 -0.0442453697 0.0732083023 
-0.1402975768 -0.0118340338 0.1404550970 -0.0953760594 -0.1634492129 0.0455232821 0.1371412575 0.0358279310 0.0714503229 
-0.1329303831 0.0139326211 0.1358456463 -0.0001194577 -0.1056142524 -0.0752206445 0.1160776466 -0.1306406111 0.0495790690 
-0.1529488713 -0.0297424607 0.1325823069 0.0966155827 -0.1555573791 -0.0253418181 0.0954342112 0.0065372530 -0.1026520431 
-0.0051019872 -0.1174321249 0.2383217067 0.0269929375 -0.0162049253 -0.0870839432 0.0536817797 -0.1478143781 0.0091303419 
matrix_stopped
in_layer_stopped
in_layer_started
matrix_started
-0.0927498415 0.0215824004 -0.0481984578 0.0931984931 0.0291302390 0.0397225507 -0.0023907949 -0.1343375891 0.1094896942 
0.1010677144 0.0104209427 0.0228956100 -0.0905182138 -0.0281135291 0.1208908781 0.1213142499 0.1298446655 -0.0494019054 
0.0783384368 -0.0340041630 -0.0633982643 -0.1332427859 -0.0547920987 0.2094397545 -0.0040785745 -0.0935054570 -0.0342226923 
0.0228336826 0.0265447460 -0.1140763611 -0.0652414709 -0.1674036682 0.0443733819 0.3419305086 -0.0444489345 -0.0286049936 
-0.0673421994 0.0171946716 0.0311150867 -0.1528198123 0.0669020042 0.1525851637 0.2820903361 0.1101297811 0.0090211751 
0.0794203728 0.1470271051 -0.1517107636 -0.0740488395 -0.0635997579 -0.0162331145 -0.1791643202 0.0976757482 -0.0070287483 
0.0628060773 0.1285728663 -0.0491670258 0.0001175648 0.1200137809 -0.2713379264 -0.1455583870 -0.0613398105 0.0790939108 
-0.0201127864 0.0394902080 0.2083718479 0.1872634888 -0.0905022770 -0.1155869663 -0.2268609107 -0.0932272375 0.0902593136 
-0.0506073944 -0.2507542074 0.2007556558 0.3267251849 -0.0108910641 0.0335931368 -0.0616350099 -0.0898933485 -0.0249439813 
matrix_stopped
in_layer_stopped
in_layer_started
matrix_started
0.1434049904 0.0629942939 -0.1263777614 0.0081367567 -0.0315447822 0.1786595434 0.0355601832 -0.0737417638 0.0117081776 
0.0086305290 -0.0410663188 0.0394243486 -0.0903804302 0.0128972288 0.2640618682 -0.0873516351 -0.0315221287 0.1303668320 
0.0898437127 -0.0613009855 -0.0060633454 -0.0582581498 -0.1035088152 0.4527126253 -0.2141012251 0.0086781299 -0.0439600386 
0.1889148057 -0.0257155485 -0.1628138721 -0.1621543467 -0.0594476014 0.4181098342 -0.1213513911 -0.1100926250 -0.0773191378 
0.1321122199 -0.0749448165 -0.0811225623 -0.0885379165 0.0462060794 0.4258484840 -0.1479176283 -0.1217768416 -0.0851287320 
0.1765871644 -0.0502381139 -0.1843894720 -0.1476080865 0.0598477013 0.2017945200 0.0186749473 -0.0615265854 -0.0413711332 
0.0485479608 -0.0703927651 -0.0586813204 0.0390757062 0.0611378141 0.1560767740 0.0768213347 0.0862401947 -0.1241590381 
0.0667852312 0.0300358832 -0.1267886460 0.0454441831 -0.0018110530 -0.0449834689 0.0285206232 0.0593238696 -0.1295596063 
0.1657691151 -0.0772562101 -0.0496320426 0.0172317605 0.0974474624 0.0107758734 0.0822280049 0.0191964973 -0.0972708538 
matrix_stopped
in_layer_stopped
in_layer_started
matrix_started
-0.0804313123 0.0284291729 0.0023584915 -0.1021333262 0.1316402853 0.1298478842 0.2941829860 0.3642949462 0.0780877694 
0.0874860138 -0.1065061837 -0.1237375587 -0.0332470350 0.2542301714 0.2923652828 0.0073081488 -0.0670817420 0.0471242815 
0.0837310031 -0.0314833522 -0.1272901595 0.2225363702 0.1754979789 -0.0949841514 -0.0615421608 -0.1332966834 -0.0064268424 
-0.1157864407 -0.0449399501 0.1562063694 0.1623006910 0.0565908775 -0.0558737293 -0.0767612755 -0.0627812296 0.0302475207 
0.0673590750 -0.0287040696 0.3177630603 0.0800625011 -0.2026149780 -0.0019668953 -0.1936381608 -0.0837217048 -0.0292837266 
-0.0689598620 0.1380021274 0.0186013747 -0.1807969064 0.0448288433 -0.0537201613 0.0425854251 -0.0423749126 -0.0093523907 
0.0816781819 0.2138296217 -0.0389447324 0.0967797488 -0.0552721992 -0.1280125529 -0.0713654980 -0.1346778721 0.0827541649 
0.0671584383 0.1356300116 -0.0992485657 -0.0544250272 -0.1105264127 -0.0537063293 -0.0147585040 0.0567765795 0.1224222556 
0.0102850376 -0.1469925940 0.0935859978 -0.1623954475 -0.0972235650 -0.0118944300 -0.1203616932 0.1095880866 0.0627005100 
matrix_stopped
in_layer_stopped
in_layer_started
matrix_started
-0.2373214960 0.0141507275 0.1772830635 0.0520170853 -0.0941442698 0.2647401392 0.0256548673 -0.1897936165 -0.0987227559 
-0.0362018086 -0.0437916182 0.0765722468 0.0396258831 -0.0111151431 0.2409125119 0.1215645000 0.0109798312 0.0117665464 
-0.0505532585 -0.0037204891 -0.0486056693 -0.1610700041 0.1103412658 0.2183314115 -0.0169927627 0.0265894793 0.0598112568 
-0.1306106895 -0.1408496201 0.0773274526 -0.0067019779 0.1208939776 0.0606878735 0.0363422260 -0.0139607098 0.0107084494 
-0.0957372338 -0.0567251183 0.0656575263 0.1477952898 0.0132805910 -0.1034822315 -0.1533592790 -0.0593052506 -0.0355434790 
-0.0554998145 -0.0580494776 0.1377045810 0.0414153077 -0.1299564093 0.0059076129 -0.1933239549 -0.1204821616 0.1606918275 
0.0993799269 0.2067072541 0.3162864745 0.0054222969 -0.0696541667 -0.1426408887 0.0458705612 -0.1549001932 -0.1260048449 
-0.0514407530 0.0197372716 0.1727118492 -0.1111555099 0.0201947428 0.0889633819 -0.0225742962 -0.1656938046 0.0815736949 
0.0898057446 -0.0119521907 0.0356583744 0.0299075581 -0.0610477589 -0.0432979055 0.1029398143 0.0697294697 -0.0782376155 
matrix_stopped
in_layer_stopped
in_layer_started
matrix_started
0.0059783342 0.1182700023 0.0207415670 0.1590487510 0.1246488243 -0.0510531217 -0.0182915963 -0.0374419652 -0.1053761914 
0.1242887825 -0.0040199412 0.0398562066 0.0060242829 0.1901026666 0.1018264890 -0.0171568356 -0.0434320346 -0.1690240502 
-0.0328908637 0.0442694388 0.0972816497 -0.0696270242 0.0802233145 -0.0419731475 0.0370346345 0.1060440913 0.1333204210 
0.1047330499 -0.0382261053 -0.0611926354 0.0362283885 0.2464552969 -0.1478069127 -0.0122877965 -0.1206656620 0.1159710810 
0.0545321368 0.0734047219 0.0155103477 0.0173887797 0.1435503066 0.0685402229 -0.0075711100 0.1666564345 -0.1785745174 
0.0449850783 -0.1595223844 -0.1707718521 0.1224064156 -0.1744535118 -0.0351444520 -0.0289217029 -0.0234855991 -0.0951233953 
-0.0938964859 -0.1050848216 -0.0571467839 -0.1067981794 -0.0489366204 -0.1723394245 -0.1672067195 -0.0048990995 -0.1215776950 
-0.0090417005 -0.0452889577 -0.1357459128 -0.0677042156 0.0918919593 0.0110696601 -0.0102374675 0.1018115655 -0.0824427530 
0.0928404555 -0.0399304666 -0.0077100107 0.0090491641 -0.0671627373 0.0468825735 -0.0155934934 -0.0334855467 0.0162775312 
matrix_stopped
in_layer_stopped
kernel_stopped
