bias_started
0.0086405408
-0.0056388932
0.0004753247
-0.0333146267
-0.0047075073
-0.0216518268
-0.0085188188
-0.0188163426
-0.0001257826
-0.0327208638
0.0560450628
-0.0146586066
-0.0139920665
-0.0224734657
-0.0071235579
0.0122574195
-0.0190010238
0.0098902704
-0.0283095464
-0.0225074124
0.0318457969
-0.0433527678
-0.0204286966
-0.0077463761
-0.0011912067
-0.0086542908
-0.0031739669
0.0455918200
0.0273460392
-0.0440996215
-0.0190699939
-0.0032753791
bias_stopped
