bias_started
-0.0444992147
-0.0370942913
-0.0297562908
-0.0382569544
-0.0134210773
-0.0147539405
-0.0420740880
-0.0629477128
-0.0371405371
-0.0380518436
-0.0475180671
-0.0458379015
-0.0665290505
-0.0287317615
-0.0253978167
-0.0694442019
-0.0240321960
-0.0325226709
-0.0121812532
-0.0369384661
-0.0723045319
-0.0516318120
-0.0288070198
-0.0340265594
-0.0263258982
-0.0315335952
-0.0335919112
-0.0666012242
-0.0141385915
-0.0283615440
-0.0324742459
-0.0227792542
-0.0204102751
-0.0355858915
-0.0373697057
-0.0328059532
-0.0381477997
-0.0480271280
-0.0096879927
-0.0334177874
-0.0283493232
-0.0028547721
-0.0211669486
-0.0530825183
-0.0356456600
-0.0259412620
-0.0361277238
-0.0375871621
-0.0211002231
-0.0443641283
-0.0362393409
-0.0490333214
-0.0155087961
-0.0050805006
-0.0200437792
-0.0473345704
-0.0514728762
-0.0575758219
0.0235749520
-0.0019885520
0.0132550523
-0.0160231274
-0.0487327166
-0.0139575796
bias_stopped
