bias_started
0.0168979969
0.0000573245
0.0223566312
-0.0188743100
-0.0270657707
-0.0100611188
-0.0100530311
-0.0072949831
-0.0060973307
0.0097108362
0.0220023133
-0.0191873629
0.0198743381
-0.0013434631
-0.0010217752
-0.0101707606
0.0139767649
0.0039901007
-0.0431835800
0.0147165125
0.0202862378
0.0122971609
-0.0091798808
-0.0047745877
0.0012360605
-0.0119917253
0.0100952480
-0.0137774134
0.0318380855
-0.0121536385
-0.0059638047
0.0062631033
0.0057544066
0.0024301063
-0.0115656108
-0.0086478004
-0.0034351340
0.0026022594
0.0178575013
0.0036836935
0.0162638929
0.0117104584
0.0222954620
0.0033147370
0.0082346378
-0.0047975690
0.0122608524
0.0041279378
-0.0230830386
0.0206710938
-0.0362139791
-0.0072519961
-0.0087127862
-0.0069657029
0.0289199948
-0.0240619145
-0.0115516987
0.0025253133
-0.0089515364
-0.0073269294
-0.0007465324
-0.0024157097
0.0076495553
-0.0029439363
-0.0018297620
0.0032238162
0.0382079482
0.0151594765
-0.0203016400
-0.0111084580
-0.0264828131
-0.0017986122
0.0278794393
-0.0282426048
-0.0018007689
0.0126073118
-0.0014157780
0.0060593118
-0.0180381685
-0.0130276876
0.0283609126
-0.0064932611
-0.0251511522
-0.0053867297
0.0205884576
0.0317187309
-0.0065283179
-0.0074841701
0.0125640314
-0.0062741372
-0.0222866721
0.0058356919
0.0120669603
-0.0019771510
0.0034177804
0.0083263386
0.0125960456
-0.0150882453
-0.0062588253
-0.0023704371
-0.0054518445
-0.0022704673
0.0354278944
-0.0091031175
0.0003872135
0.0045045093
-0.0091153244
-0.0131349424
0.0241899267
-0.0011558407
0.0247314312
-0.0222272389
0.0156221101
0.0018603203
0.0201022029
-0.0294606201
0.0057786028
-0.0010394321
-0.0131037179
0.0249043945
0.0034285523
0.0167946033
0.0333543122
-0.0079175187
0.0011303993
-0.0124217775
0.0100925518
0.0382407047
bias_stopped
