kernel_started
in_layer_started
matrix_started
0.0544032902 0.0988743082 -0.0269408002 -0.1111686081 -0.0583665371 -0.0549251027 -0.0869281068 -0.0243838280 0.0522251502 
-0.0052412050 -0.1388745606 -0.1460768282 -0.1831521094 -0.1156559885 -0.0641424507 0.1438009739 0.0064904760 0.1942647547 
0.2104735225 -0.0098108519 -0.0659532547 -0.0188302882 0.0730361640 -0.0848128647 0.1351517141 0.0201081764 0.1162827536 
0.2588898242 -0.0176436901 0.0660942718 0.0592623614 -0.0908798054 -0.0433395468 0.1358872950 -0.1143501699 -0.0512893163 
0.2160419822 -0.0992793664 0.0034292408 -0.0610850379 0.0295218416 0.1031273082 0.1137909070 0.0833182707 0.1157668531 
0.2633551657 0.0477754772 0.0795366466 0.0308420081 -0.0320128575 -0.1403355598 -0.0045436076 -0.1415656209 -0.0577250496 
0.0429825820 0.0724832565 0.1025110185 -0.0447119176 -0.0085175857 0.0171907730 0.0118549587 0.1895954013 -0.0156923681 
0.0475662686 -0.0760090351 -0.0463733338 -0.1225610375 -0.1523122191 -0.1118871272 -0.1072466522 -0.0774954855 0.1885413080 
-0.1311829984 -0.1352444440 -0.0422763079 -0.0308694579 -0.0002649280 -0.1301421821 -0.1109982580 -0.0083745690 0.1587782055 
matrix_stopped
in_layer_stopped
in_layer_started
matrix_started
-0.0603859052 0.0067833276 0.1718254983 0.0927190930 -0.1190973148 -0.0920997709 -0.0522339642 -0.0555021912 0.1034774929 
0.0644481555 0.2367939949 0.0643203557 0.1339656264 0.0721590146 0.1328498721 0.0237759855 0.1891381592 0.0275416672 
0.1970730722 0.1951751858 0.1199786440 0.1407523453 0.0052615106 0.0484238528 0.0844609439 0.0994845331 0.0266390834 
0.0441847034 0.1344226897 -0.0363289192 -0.0799604580 -0.0365526937 -0.1787541509 -0.0190243926 0.1079032272 0.0995946229 
-0.0434180275 0.0491185151 -0.1046025530 0.0520941503 -0.1506754458 -0.2046098262 0.0116401436 0.1166270077 0.0045888601 
-0.1241621971 -0.0175227616 0.1335823536 -0.0840434358 -0.1781647801 -0.2101203650 0.0768899843 -0.0064740507 0.0866194293 
0.0794256777 -0.1258864999 0.0416128933 -0.0676122531 -0.1812531799 -0.0022249238 0.0056523993 0.2021225542 -0.0323443040 
-0.1401854604 0.0252446719 0.0814500228 -0.0830485746 -0.1224210337 -0.0391156822 0.0287331454 0.0907288194 -0.1969235241 
-0.1214166805 0.0052665360 -0.0377153009 -0.1069838479 -0.0683596805 0.1363176703 0.0460610613 -0.0066440781 -0.1987672150 
matrix_stopped
in_layer_stopped
in_layer_started
matrix_started
-0.1102109998 0.0082674744 0.1184566021 0.0566589311 -0.0119226715 -0.1953649074 0.0246082060 -0.1211021021 -0.1755626053 
-0.0033801859 -0.0416731425 -0.0720867515 0.1300526708 0.2400273085 -0.1930631548 -0.0723798424 0.1186497882 -0.0700436160 
-0.1054898649 -0.0109182922 -0.0432808362 -0.1417489052 0.0355977938 0.1075290889 -0.0913783312 -0.1040334105 0.0847811773 
0.0788038522 -0.0054344954 0.1237699240 0.0451293178 0.2039568871 -0.0324492604 0.2841415703 0.1218384206 0.0279093459 
-0.0910929814 -0.0939193368 -0.1096317768 -0.0055665812 -0.0795570090 0.0096878884 0.0768957511 0.0054737981 -0.0648078099 
0.0723214597 0.0155044235 0.0504615456 0.0568620674 0.1955292374 0.0642884821 0.1963174194 -0.0706380457 -0.1696658581 
-0.0763333216 0.0484570339 0.1724845618 0.0295996331 -0.0100414623 0.0580173880 -0.0728802234 -0.1478917003 -0.0172155537 
0.1769536883 0.0228006542 0.1688064933 -0.0271697883 -0.1504479647 -0.1003539860 -0.0723988041 -0.0529169329 -0.0626471862 
0.0907000974 0.0058742207 -0.0845071822 -0.0732207149 -0.0719665140 -0.0166670848 0.1925224215 -0.0178318080 -0.1455093622 
matrix_stopped
in_layer_stopped
in_layer_started
matrix_started
-0.1157237664 0.0805834755 -0.1357029080 -0.0673048049 0.1102179140 0.0450853966 0.0038686972 0.0752188414 -0.0526167080 
0.1470333785 -0.0768768340 0.0111022117 -0.0573586337 -0.1474233717 0.2419852465 0.0587323904 0.0227666609 -0.1209920868 
-0.1375923902 -0.1350692511 -0.1763021946 0.0162824597 -0.0880897641 -0.0684955344 0.0152988536 0.2596847713 0.0267953109 
0.1304548681 -0.0208585747 -0.0391007848 0.0746173412 -0.0881366655 0.0323404223 -0.0357760526 -0.1455241293 0.0172338635 
-0.0019695929 0.0848961696 -0.0219990797 -0.1494730711 0.1476598978 0.0301240087 0.0305817500 -0.0460524559 -0.0707177743 
-0.0874759778 0.1383552551 -0.0064309998 0.0386842601 -0.0866955966 -0.0443658903 -0.1144783869 0.0664958879 0.0339031406 
0.0036248420 -0.0402703360 -0.0366487205 0.0821952820 0.0300932750 -0.1059835181 -0.0110859163 0.1388989985 -0.0701622590 
-0.0135233104 -0.1352891624 0.0875499323 0.0552456081 0.1767984480 -0.0474972948 -0.0335207097 0.0228203647 0.0585199371 
-0.0990229994 0.0551666915 0.2172656953 0.0298229512 0.0346865728 -0.0705396980 -0.0014495576 -0.0034975035 0.0273481961 
matrix_stopped
in_layer_stopped
in_layer_started
matrix_started
-0.0908310115 -0.0995288938 -0.0744439363 0.0504587144 0.0388535485 0.1507904381 -0.1143754050 -0.0205818620 0.0309746508 
0.0064201513 -0.0588956550 -0.0394701548 -0.0571128540 -0.0889615193 0.1659015119 0.0010176391 0.0269724056 0.2077665627 
-0.0390348583 0.0071768449 0.0658276752 -0.0983466282 -0.0768091306 0.0403500907 0.2689578831 0.0966571197 0.1223817691 
-0.0987620950 0.0446092784 0.0134236813 -0.1909711659 0.3172538579 0.1054845452 -0.0291713309 0.0186634045 0.0343206078 
-0.0937320963 -0.0970928967 -0.0185749754 0.1900523305 0.3141558766 0.0387513228 -0.0797973424 0.0308606047 -0.1482220590 
-0.1096388400 0.0984993204 0.2964458168 0.3329284787 -0.0611729845 -0.1155495122 -0.1664497703 -0.2184605300 -0.0954825208 
-0.0765233636 0.1437275112 -0.0642837137 0.1381769329 0.0142257633 -0.0245150682 -0.0742614493 -0.1047452241 -0.0595140010 
0.2159957439 0.2084095776 0.0936563760 -0.0824600905 -0.2069543451 -0.0059792711 -0.0365948007 0.1396378577 -0.0079899291 
0.2068119049 0.0729446560 -0.0889095590 0.0026932214 -0.1853732467 -0.1145184860 -0.0242564417 0.1203730255 0.0099915452 
matrix_stopped
in_layer_stopped
in_layer_started
matrix_started
0.2145778686 -0.0800776184 0.0772700682 0.0434938185 0.1222277284 -0.0623869486 -0.1788579226 0.0191994179 -0.1430176646 
0.0783948153 0.1880478710 0.0083546247 -0.1239881441 -0.0351700149 -0.0047176098 -0.0917510539 0.0120946579 -0.0177878421 
-0.0063466881 -0.0311157499 -0.1109402403 0.1367380768 0.0241901800 -0.0067581120 -0.1147970855 -0.1288347542 -0.1387826949 
-0.0271349419 -0.1151527613 -0.1506811976 -0.0008356108 0.0858725458 0.0894902945 -0.1075290367 0.1287930161 -0.1873840243 
-0.1240073666 -0.1820730865 -0.0469570979 -0.0192511864 0.0523797758 -0.0281322952 -0.0458093323 0.0536586680 0.1098258346 
0.0325735919 -0.0501469150 -0.0447242670 -0.0686017647 0.1468295008 0.0912290886 -0.0594827607 0.0817521513 -0.0819563568 
0.1307105869 0.0842542946 -0.1290597767 0.0605603084 0.1179969385 -0.0516317114 -0.0218767934 0.0596463419 0.2398713380 
0.0285423901 -0.0448958427 -0.0362430066 0.0431409217 -0.0095152929 -0.0752815455 0.0781875849 0.1680262685 0.0928719118 
-0.0468719155 -0.0056245625 0.0863008797 -0.0108246841 -0.0342187621 -0.1916328967 -0.2016311735 -0.0431083515 0.1176299900 
matrix_stopped
in_layer_stopped
in_layer_started
matrix_started
-0.0341330096 -0.0391083807 -0.1511148810 -0.0076236464 -0.1675740331 -0.0432307571 -0.0583499819 0.0058939732 -0.1000983715 
0.1792116761 0.2518386543 0.3369960189 0.2592686117 0.3154177368 0.0702570751 0.0822378471 0.1595712453 0.1423189044 
-0.0186198168 0.0043830201 -0.0686463416 -0.1645803005 -0.1050377339 0.1371617913 0.1664177030 -0.0040150760 0.1306602210 
0.0045860535 -0.0200255644 -0.1003338546 0.0740834549 0.0005762397 -0.1526783407 0.0094599323 -0.1184413657 0.0184681881 
0.0447868444 -0.1502827555 0.0591819510 -0.1787351221 0.0311698169 -0.0393237360 -0.1180746630 -0.1832637936 0.0569386035 
-0.1444050968 0.0266227443 -0.0558381900 -0.0257437136 -0.0562471561 0.0973493978 -0.0079698320 0.0750191659 -0.0693699569 
0.0244284328 -0.1609151363 -0.0890669525 -0.1560675800 -0.1442621946 -0.2142805606 -0.1133467630 -0.1167238802 -0.0992661342 
-0.0049605309 0.0233315397 -0.0029969399 -0.0999776721 -0.1079323888 -0.0586767271 -0.0983330309 0.0634587780 0.0276645552 
0.1588732153 0.1961735636 0.3317532837 0.3522439599 0.2386325002 0.2694924772 0.1151703820 0.2231507748 0.2264091522 
matrix_stopped
in_layer_stopped
in_layer_started
matrix_started
0.1229377389 0.1721263379 -0.0268807523 -0.0625331402 0.0092812991 -0.1449950188 0.0727287829 -0.1195588484 -0.1168667525 
0.0920433849 0.0785188302 0.0227237269 -0.1107358783 0.0556127466 0.0526590049 -0.1082920805 -0.0946323425 -0.1841310263 
-0.0341010205 0.0469213277 0.0644974709 0.0982718095 0.0140962210 -0.0282118861 -0.1294036061 -0.1788422018 -0.1481872797 
0.1088308468 0.0607909523 0.0896639749 0.0916888341 0.0357345641 -0.1096223518 -0.1439476758 -0.0822971910 -0.0900735185 
0.0051586325 0.0196651127 0.0080760568 0.0625669211 -0.0308401342 -0.1140682027 -0.1818655729 -0.0155824898 0.0811600164 
0.1040027365 0.0033201000 0.0357087441 0.0603614636 -0.0892213210 -0.1019105539 -0.0884434283 -0.0155271059 0.0589331724 
-0.0820889249 -0.0507452637 0.2081455588 -0.0199451279 -0.0995120928 -0.0663183630 -0.0291299261 0.0445650630 -0.0064073005 
-0.0816704035 0.0142946001 -0.0121941827 -0.0536459982 0.0835916698 -0.0068328432 0.1050797030 0.1344763190 0.0531476811 
-0.0329286233 0.0099270223 0.0492270850 -0.1180653125 -0.0883466154 -0.0417661108 0.0387401134 -0.0133655220 -0.0066135828 
matrix_stopped
in_layer_stopped
in_layer_started
matrix_started
0.0346879885 0.0533692986 -0.1536313593 -0.0948162302 -0.0201055016 0.1110362634 0.0728217661 -0.0061994465 -0.0017562796 
0.0609861352 -0.0257709473 -0.1392446607 -0.0176684391 0.1008652598 0.1888874471 0.0746192858 0.0307107586 -0.0776555389 
-0.0428649560 -0.0669734776 -0.1660351306 -0.0988718718 0.1692437828 0.2870825529 -0.0519353375 -0.1240763068 -0.0093263974 
-0.0830190256 0.0839242861 0.0528703853 0.1714350730 0.3578222990 0.2074196488 -0.1195148975 -0.1358018219 -0.1491695940 
0.0500314496 0.0451450869 -0.0779424086 0.0289345104 0.1321735233 -0.1661782712 -0.2132034004 -0.0863683447 -0.1562308967 
0.1214644313 0.1290964782 0.1457016915 0.0873185173 -0.0980680361 -0.1158146709 -0.0206246264 -0.1184686869 0.0367010459 
0.0208158586 -0.0159960706 0.1654960662 -0.0223995782 -0.0729323775 0.0296082851 -0.0382189117 -0.1595639288 -0.0901163220 
0.2055880427 0.1360488087 -0.0098656164 0.1087862104 -0.1418893337 0.0489214137 -0.0254588667 -0.0303786192 -0.0485385209 
-0.1385323554 -0.0004264466 0.2309549600 -0.0094015999 0.0546646863 0.0219965354 -0.0892830342 -0.1862878054 0.0440667979 
matrix_stopped
in_layer_stopped
in_layer_started
matrix_started
-0.0039721103 -0.0087734368 0.0813748017 -0.0375564396 -0.0620893687 -0.0565852337 -0.0286941025 -0.0039195293 0.1871202737 
0.1880509555 -0.1339296103 -0.0969462842 0.0147048961 -0.1335632652 -0.0888184980 0.0331228003 0.0797812715 0.1038814113 
0.2367297858 -0.0880799145 -0.0771490782 -0.0739252046 -0.1067711487 -0.1735323519 -0.1309272349 -0.0170337800 0.0397118852 
0.0992302895 0.0928583145 -0.0707634687 -0.0417455360 -0.1676254869 -0.0759036019 -0.1754586101 -0.0421648808 -0.0928648636 
-0.1082088947 0.1053633317 0.0058608712 -0.0563611686 -0.1420630962 -0.0877162591 -0.0595027506 0.1305598617 0.1684819758 
-0.0647867098 -0.0566119440 0.0575405098 -0.0019042587 -0.0871406123 0.0862895325 -0.0802744925 -0.0384488367 -0.0538855381 
0.0590580776 -0.0772058070 0.0634754449 -0.1048703119 0.0406636782 -0.0113942642 -0.0371736251 0.1236699075 -0.0907846615 
0.2172300518 0.1408867538 -0.0169634875 0.1425393969 -0.1312244833 -0.1349711716 0.0777986869 0.1452362388 0.0486503094 
0.2821628451 0.1288398206 0.0499626137 0.0564323738 -0.0239695087 0.1300841719 0.0356078818 -0.0867986679 -0.0282969270 
matrix_stopped
in_layer_stopped
in_layer_started
matrix_started
-0.0992059708 0.0040677586 0.1494629234 0.2047412992 -0.0397525579 -0.2016161084 -0.0550247021 -0.0304341596 0.0376783647 
0.0205134265 0.0294358898 0.1101240143 0.1407134533 -0.0230558757 -0.0358558223 -0.0626261309 0.0467389859 0.1184344888 
0.0226486661 -0.0845764056 0.0188377872 0.3317995965 -0.1273093373 -0.0384174660 -0.0298396070 0.0357790515 -0.0248528067 
0.0189024024 -0.0599084906 0.0154926525 0.1197765544 0.1443580389 0.0832874402 -0.0603445545 0.0499010123 0.0928282440 
-0.1840157360 -0.0115297353 -0.2185150236 0.0836417302 -0.1203674078 0.0224440675 0.2177117765 0.1884335279 0.0536753014 
-0.0242707841 -0.1412971467 0.0333674774 0.0863371193 -0.1310518384 -0.1371073574 0.1367012560 0.1501314789 0.1580187380 
-0.0241447370 -0.2177739143 -0.0243607387 0.0610498525 0.2114536911 -0.0693653300 0.1349280626 -0.1269585788 -0.0782310963 
-0.0417477414 -0.1272965074 0.1457039714 0.0988624692 0.1488191783 0.0069282949 -0.0568560958 -0.1467735618 -0.0419867784 
-0.0285643209 0.0085942503 0.0014048498 0.1390149146 0.1936191320 0.1476541460 0.0919377580 -0.1780180186 0.0101594152 
matrix_stopped
in_layer_stopped
in_layer_started
matrix_started
0.0493562147 0.2320642769 0.1382509768 0.2690050602 0.1733387411 0.0687631965 0.1242240667 0.0247531217 0.1649402976 
0.0113582397 0.0587554909 0.0216575172 0.1379117221 0.0285308082 0.0256905369 -0.1434048563 -0.1694898605 -0.0739687756 
-0.0538414679 -0.0258262511 -0.1031090096 -0.0387380458 -0.0376455076 0.0051123723 0.1202781796 0.0709274188 -0.0644330308 
-0.0503233559 -0.0263345912 -0.1921307892 0.0539399274 -0.0982586145 -0.1264286786 -0.1304075122 0.0480062179 -0.0351711139 
-0.0905530676 -0.0638035238 -0.0432536379 -0.0418886393 0.0593350492 -0.0185989067 -0.1831693053 -0.0246619955 0.0554961860 
-0.1265551299 -0.0576168224 0.0543820783 -0.0401184298 0.0424902551 0.0512451380 0.0063090860 -0.0854454041 0.1200405583 
0.0853145421 0.1717026383 0.1306856722 0.1500528604 -0.1435712278 -0.1178473383 0.2095252126 0.0706402063 0.1249057129 
-0.1192166358 -0.2390771359 -0.1471482217 0.0780470595 0.1443651468 0.2185814828 0.1116422489 -0.0133392932 -0.0443552323 
-0.1001505777 -0.1751871258 0.0419632904 -0.0223574992 0.0062280637 0.0682526976 0.0023212864 -0.0861231163 0.1098978445 
matrix_stopped
in_layer_stopped
in_layer_started
matrix_started
0.2675765753 0.2548511624 -0.1740251780 -0.0574351624 0.0906492099 0.0352398194 0.0722988993 -0.1128039435 -0.1740661263 
0.0197847113 0.2819363475 0.0707723647 0.0213356465 0.1708266884 -0.0213454943 -0.0515165441 -0.1881748289 -0.1371663511 
-0.0857849866 0.1970974654 0.3090789616 0.0401922986 0.2530015409 -0.1398443580 -0.1004694924 -0.2008233815 -0.0566838384 
-0.1615409851 0.0737021565 0.1813856512 0.0094305556 0.2905512452 -0.0079887016 0.0002968955 -0.1000704169 -0.1845535040 
-0.0914850459 -0.1624177247 0.0256200079 -0.0647527575 0.2459824681 0.3543266356 0.1518904716 -0.2198880464 -0.1750557125 
-0.1206200644 -0.0678188726 -0.0755089000 -0.2050592005 -0.0113002248 0.1834673584 0.3395358920 0.0386434197 -0.0163280237 
-0.0857314169 -0.1097762957 0.0490538590 0.0526279248 -0.2109262049 -0.0080729388 0.2390663326 0.1267499328 0.0751519725 
-0.1895814836 -0.1088361815 -0.0260460414 0.1114771515 0.0644862503 -0.0555541553 0.0804057121 0.1228986457 0.2714053392 
-0.0227209423 -0.0671251565 -0.1502397060 0.0067751259 0.0873560458 -0.1275240183 0.0878595188 0.1522527188 0.0675447434 
matrix_stopped
in_layer_stopped
in_layer_started
matrix_started
-0.0415025987 0.1290856898 0.0433843806 0.1179174706 -0.0002377118 -0.0634831563 -0.0752321482 -0.0444537997 -0.0579805598 
-0.0848438293 0.0993441492 0.1036703736 0.0062017422 -0.0965669975 -0.1673992574 -0.0527235381 0.0567822829 0.0903303251 
0.1559819132 0.0719839558 0.1640376151 0.1492501050 -0.1024396867 0.0553214736 -0.0577122830 -0.0811772719 -0.0291494709 
0.1201648414 -0.0354172625 -0.0932494774 -0.1466193944 0.1732564718 -0.1885043681 -0.0071067885 -0.1190951616 -0.1106723845 
0.2202443033 0.1524725407 -0.1234041452 0.0434565954 -0.0172965284 0.0651893392 0.0385535061 0.0422053561 0.0345903337 
0.0536713526 -0.2477888465 -0.0560785383 -0.0921018869 -0.0592406243 0.0251480602 0.0112216128 -0.1743040979 -0.1313700676 
0.0184201971 0.0153204817 -0.0760273114 -0.1740736961 -0.0470143370 0.0675413832 0.0703561604 0.0012722730 0.1086033657 
0.0001844490 -0.1052027121 -0.0007785502 0.0667208880 0.0115003046 -0.0079046702 0.0918646008 0.1135016456 0.0046977312 
-0.0299715213 -0.1132649928 -0.1097547188 -0.1040785313 -0.0245773289 0.0869980976 0.0821175352 0.2237289250 0.1369437873 
matrix_stopped
in_layer_stopped
in_layer_started
matrix_started
-0.0504041649 -0.0819729343 0.0919799060 0.1345262975 -0.0756837353 -0.1808173805 0.1035197824 -0.1494660974 0.0414076298 
0.1485882550 -0.0667421371 0.0811020657 0.2105345428 -0.1015271842 0.0477789827 0.2187595963 -0.0302987490 -0.0949056521 
-0.0924089327 -0.1503431946 0.1345423460 -0.0098006818 -0.1947062016 -0.0259094927 -0.0890216529 -0.0309370123 0.1014424935 
-0.0225229338 -0.0952759236 -0.0849428922 0.0112725869 -0.1915029883 -0.0034228677 -0.1100869551 -0.0239363071 -0.0217483677 
0.2111791521 0.1399115175 0.1349453330 0.1256275475 0.0635185093 0.0889252648 0.0782966018 0.1501860172 0.0840402618 
-0.0985473916 -0.0093848221 -0.1539772153 -0.0722546279 0.0547193177 0.0390590616 -0.0508730672 -0.0842894986 -0.0877567306 
-0.0355549119 -0.0366729237 0.0363664962 -0.0978830382 0.0396575332 -0.0080948249 0.0194505472 0.1327113658 0.0408086702 
-0.1455528438 0.1576677263 -0.0898021162 0.0624720939 -0.0306942016 -0.0099036982 -0.0913502052 0.1279339194 0.0634342879 
0.2742830217 0.1769923717 -0.0256463513 -0.0508492067 0.0430056714 -0.1183238253 -0.0101152612 -0.0933906138 0.0524005406 
matrix_stopped
in_layer_stopped
in_layer_started
matrix_started
-0.1312221587 -0.0487978160 -0.0513134636 0.1118053123 -0.0441321284 0.0683112517 -0.0739893690 -0.0376409180 -0.0567603707 
-0.0344532058 -0.0432012714 -0.1348359585 -0.0382187553 0.0984244347 -0.0908504277 0.0525779761 -0.0545557030 -0.0919941291 
-0.0997486785 -0.0411319472 0.1149339825 0.0984977260 -0.0173626170 0.0346794017 -0.0332902037 0.0745428130 -0.0996553600 
-0.0269812513 0.0291477777 0.0264991950 -0.1189570948 -0.0599503182 -0.0570926815 0.0162234437 -0.1313394159 -0.0539586358 
0.1539796293 0.0903851837 -0.0406313911 -0.0964036137 -0.0286460333 0.1137901023 0.0376863442 -0.1600720584 0.0603781566 
0.0996336564 0.1497222632 0.0176789556 -0.1250808686 0.0386895239 0.0215483438 -0.1274691820 0.0159081127 -0.1117706224 
0.1944918036 0.1280279607 0.2566303313 0.1861421764 0.2286016941 -0.0168542005 0.1656717211 -0.1034425125 -0.0197619386 
0.0045999009 0.0308514200 -0.1274591684 -0.0360262096 -0.0575792342 0.0026420441 -0.0012434712 -0.0162958987 -0.1447329372 
0.0093368823 -0.0467701256 0.0094026187 0.1290497482 0.0393878222 0.1161091104 0.3949629068 0.2978371978 0.3874504566 
matrix_stopped
in_layer_stopped
in_layer_started
matrix_started
0.1097258702 0.0123892222 -0.0558878891 -0.1163133830 -0.0857982635 0.1285777837 0.0640524924 0.0068636942 -0.2640015483 
-0.0043817912 0.2040966749 -0.0692555830 0.0913541391 0.0354522280 -0.1541177630 0.0530599058 -0.0670037940 -0.0595212653 
0.0287435967 -0.0726943538 0.0381268412 -0.0869092122 0.0297352932 -0.0266643222 -0.0523620397 -0.0204865970 0.0861337408 
-0.0208309926 -0.1599866152 -0.0396131426 -0.1339782178 0.1158062965 0.1587792486 0.0080381893 -0.0208197255 0.2770285010 
-0.1648252904 0.0594168082 -0.1435423791 0.2282467484 0.1685876101 -0.2121858150 -0.2185212225 0.0112713622 0.0847749710 
-0.0558474436 -0.1063738465 0.0778668299 -0.0159222651 -0.0824725553 0.0216711126 0.1264492422 0.1576116830 0.0055343667 
-0.1183387563 0.0344974920 0.1977079064 0.0542713404 -0.0736043528 0.0073478310 0.0674102381 -0.1460091621 0.0668442324 
0.0327674001 0.1624516398 0.1456367373 0.0163544267 -0.0898734182 0.0879541561 -0.0902107283 0.0816154033 -0.1624529064 
0.0901666060 0.0570516922 -0.1167127788 -0.0652478188 -0.0014398531 -0.0624631979 -0.0100737084 -0.0701386407 0.0879798681 
matrix_stopped
in_layer_stopped
in_layer_started
matrix_started
0.2442456484 0.0489222854 -0.0006495366 0.0470565259 -0.1164257303 0.0294850543 0.0421829447 -0.0353154950 -0.0265611522 
-0.1268049181 -0.0896994397 0.0784730688 0.0121628065 -0.1082141176 0.1071446091 0.1521216929 0.2320414782 -0.1436006874 
0.1744201034 -0.1857678592 0.0626905486 -0.1293270886 -0.0291838273 0.1778462827 0.1872960925 0.3336835802 -0.0766693652 
0.1153466105 -0.0002746764 0.0153635480 -0.1085818782 -0.1437547952 -0.0198841263 -0.0141469184 0.3787199855 0.1669539660 
0.0275861640 0.1528240144 -0.0075063156 -0.0650679469 -0.2355939448 0.0353824012 -0.0274946187 -0.0276424717 0.2000194937 
0.0845446736 -0.0013946770 0.0441105291 0.0706569254 0.0221323725 -0.1531171799 -0.2577150762 0.1209608242 0.1142589673 
0.0789854750 0.0554751419 0.1685392708 -0.0050863326 -0.0230700318 -0.0671284422 -0.0145819280 -0.1385257393 0.1867854297 
-0.1105101630 0.1808602661 0.1513089538 -0.0897094160 -0.1791187376 -0.0153519120 -0.0790676847 -0.1158194020 0.1869226247 
-0.0192364771 -0.1014193892 -0.0185568649 -0.0976199433 -0.0158457235 -0.0840430036 -0.0322033316 -0.0495742075 -0.1527324170 
matrix_stopped
in_layer_stopped
in_layer_started
matrix_started
0.0778997764 -0.0587256998 -0.1774918884 0.0374460965 -0.0646862388 -0.1063080877 -0.0599486828 -0.1225142702 0.0710191280 
-0.0992077440 -0.0532445498 -0.0023237865 -0.0051021436 -0.1177412868 0.1532536447 0.0331020504 0.2105030119 0.0993028134 
0.1417230219 0.0308638364 -0.0454917401 -0.0989457592 0.0799713060 0.2171928883 0.1401237100 0.1042806059 0.0531592555 
-0.0512643568 -0.2013288885 -0.0217286162 -0.0159655381 0.0740035176 -0.0511616059 -0.0021335646 0.0526069142 -0.0000095484 
0.0363275185 0.0535342991 -0.0653990731 -0.0619052388 0.0349734612 -0.0168201290 0.0973416269 -0.0316756666 -0.1779540330 
0.0817597881 0.0920573324 -0.0350520350 0.0931293070 -0.1697766781 -0.0581242740 -0.0386046320 -0.0541227683 -0.0140457219 
-0.1606590152 0.0330633074 0.0928322896 0.0283693336 -0.0798959583 -0.0286151674 -0.0065169516 0.1712540835 0.0315039828 
0.1905212700 0.0320919715 0.1858307272 -0.0696472302 -0.0101864934 -0.1902736872 -0.1323868632 -0.0048044496 -0.1551770121 
0.1522830576 0.0736880973 0.1105006188 0.0853020921 -0.0248720907 -0.1759520620 -0.0451255105 0.0619613007 -0.1663274318 
matrix_stopped
in_layer_stopped
in_layer_started
matrix_started
0.1340038925 0.0549715981 -0.0964165255 0.0790735334 0.1672275960 0.0879865959 0.1104912236 0.0187739562 0.0961985290 
0.0157883614 -0.0507896468 -0.0372383595 -0.1450029165 -0.0576151684 -0.0702490360 -0.0572170988 0.0230522547 0.0039392095 
0.0867242739 -0.0341763049 -0.0025195801 -0.0927878320 0.0620777197 -0.1595317870 -0.0721492097 -0.1285906285 0.0572418831 
-0.0552768521 0.1863465607 -0.0095212227 0.1350050122 0.0706931278 -0.0090256371 0.0426408760 -0.1011798382 0.0894861892 
0.0164878741 -0.0568892509 0.1549556255 0.0363225564 0.0502051748 -0.0151527235 0.0231234767 -0.0040710345 -0.0510893837 
0.0296565387 0.0055856314 -0.0148087973 -0.1789600700 -0.1417652220 0.1076474264 0.1251828521 0.0265167598 -0.0296821222 
-0.1384488791 -0.1434397250 -0.0324877612 -0.1531310380 -0.0451723039 -0.1613106132 0.0384555683 0.0807711408 -0.0570442230 
0.0668491796 -0.0542464294 -0.1374622136 0.0854622722 -0.1183679998 0.0325433612 -0.0578922406 0.0837347806 -0.0001271056 
0.1706189513 0.0100415619 0.0422547497 -0.0455776379 0.0305747595 -0.0813771933 -0.0998985395 -0.0589085706 -0.0176175367 
matrix_stopped
in_layer_stopped
in_layer_started
matrix_started
0.1040763780 0.0518886410 -0.0418775268 0.0115412204 -0.0721835271 -0.2109232247 -0.1328624487 0.0340395421 0.0207658149 
0.2779089212 -0.0466643423 0.2696145177 0.1719329804 0.0469171032 0.0224367976 -0.0048871017 0.0202517975 0.1972373575 
-0.0125664975 0.0518395901 -0.1264491826 0.1062705517 0.1321725547 -0.2734763622 -0.2438988984 -0.1576668024 0.0051217563 
-0.0355292633 -0.0083111478 -0.1304354817 -0.1253409237 0.2667059600 0.3276135027 0.1664006412 0.2190304697 0.0300315917 
0.1223742217 0.0133060422 0.1398005933 0.0014218898 -0.1546582878 0.1183054373 0.0829647109 0.1944817752 -0.0099274023 
-0.1049495339 -0.1186449900 -0.1250496805 -0.1043433920 -0.2160549611 -0.0784266591 0.0414400809 -0.0145311477 -0.1854990274 
0.0758494958 -0.0861084536 0.1028046906 0.0068009575 -0.0250220187 -0.0868125111 0.2171342522 -0.0386415683 -0.0984459370 
-0.0272123888 -0.0202916022 0.1183020398 0.0665318966 -0.1587322354 0.0330773108 0.1527632624 0.0610149056 0.0088196993 
0.0955491364 -0.0884359628 0.0569738671 -0.0736077204 0.0940502137 0.0201452728 0.1137744635 -0.0289978888 0.0398938991 
matrix_stopped
in_layer_stopped
in_layer_started
matrix_started
-0.0868863761 0.0261331238 -0.0216481294 0.0586342849 -0.0894485191 -0.0015016971 -0.0371944048 0.1340574324 0.0780854002 
-0.0941941962 -0.0680613890 0.0952992514 -0.0186534710 -0.0951898620 0.0679181665 0.0387187377 0.1267452389 0.0668169111 
0.0472880304 0.1204255894 0.0879627243 -0.1610315442 -0.1440184712 -0.0888895243 -0.0464698002 -0.0847537145 0.0551430918 
0.0599974096 0.0120230420 0.1641031653 -0.0060748607 0.0515341945 -0.0766974315 -0.1636166871 -0.1803913713 0.0953685865 
0.0997464806 0.1125804186 -0.0060094921 -0.0785043761 -0.1697576940 -0.1507734507 0.1071344092 0.0764652118 0.0663175583 
0.0458548442 -0.0877917409 -0.0210570768 -0.1286283582 0.0436602496 0.1506007016 0.0529991686 0.0001071008 0.0527214035 
0.0054769791 -0.1307144314 -0.0480976589 0.0791182965 -0.0219245404 0.1256430447 -0.0360391587 0.0157644562 -0.0269978698 
-0.1036528498 -0.1474431157 0.0967500433 0.1771767884 0.1282072216 -0.0957975388 -0.0155341960 0.0829119086 0.0739271790 
-0.0306461211 0.0597711354 0.0638396367 -0.1525549889 -0.1062423512 -0.0872664154 -0.1251527518 -0.1209580675 0.0524931327 
matrix_stopped
in_layer_stopped
in_layer_started
matrix_started
-0.1215753332 -0.0680329651 0.0024255840 0.0953537300 0.0482535698 -0.1737810224 -0.0594082996 0.2047729045 -0.0802752152 
0.0920702964 -0.2002382427 0.1648646146 -0.1856427789 0.1301732510 -0.1182777509 0.0965262428 -0.0618525371 0.0226813089 
0.0826810002 -0.0089286389 0.0743024796 0.1996640861 -0.1230870858 -0.2035127729 0.0631937981 0.0408499613 -0.0699644536 
-0.1425354034 -0.0319479369 0.2947440445 0.0814671144 -0.2382232100 0.0971447006 0.0871633738 0.1067258194 -0.0596592985 
-0.1468186229 -0.0955458507 0.0941297412 0.0602956899 -0.0261252727 0.1063928455 0.0307669453 -0.1318852603 -0.0204793140 
-0.1226744801 -0.1713338792 0.1927008033 -0.0129864970 0.0267271269 0.0017386382 0.1096808538 -0.0946562514 -0.0765037462 
-0.1255944669 0.0278415289 0.0510674454 -0.0116201416 0.0924033970 -0.0482649803 0.1226052716 0.0491423979 0.0343595631 
0.0611872897 -0.0023281793 -0.1637843698 0.0248359647 -0.0109840026 0.0481674597 -0.1309391409 0.1746673435 -0.0142220622 
-0.0404584333 -0.0548996925 0.1973849684 -0.0627733693 -0.0380742401 0.1344451904 0.0118028903 -0.0401181690 -0.0004094944 
matrix_stopped
in_layer_stopped
in_layer_started
matrix_started
-0.0377662815 -0.0663486570 -0.1086121574 -0.0513133630 -0.0486501977 -0.1763418913 -0.0855738446 -0.1779778749 -0.0827788487 
-0.0494726636 0.0055005946 0.1310123950 -0.0553521663 -0.0523150265 -0.0455147699 -0.0504652597 0.1140966192 0.0088013252 
-0.0609373674 -0.0563138798 -0.0558123142 0.0901596397 0.2265027761 0.1410585195 0.2188593894 0.1567841023 0.2545785606 
0.0888414681 0.0142152924 0.0634044260 0.0896186307 0.0905002728 -0.1266224831 -0.0992441773 -0.0405942872 -0.0466195457 
-0.0336436667 -0.0774078295 -0.0901466981 -0.1336512715 -0.0504444353 -0.0274982862 -0.0876586363 0.0738587677 -0.0298672318 
0.0723888874 -0.0664020255 -0.0518850088 0.0017152199 -0.0202358067 0.0587357953 0.1307791024 0.0373871699 0.0677379221 
-0.1136673018 -0.0009557358 -0.0066273562 -0.1253793091 0.0285757072 0.1387461871 0.0525030084 -0.0655367523 -0.0679592863 
-0.0036814257 0.1361489594 -0.1910267770 -0.0435904190 0.0932770818 -0.1174388528 0.1442235559 -0.0652871951 -0.0684250072 
0.1022052988 -0.0739268214 0.2109177560 0.1975675225 -0.0070192404 0.1207484677 -0.0901306719 0.0400097594 -0.0230704378 
matrix_stopped
in_layer_stopped
in_layer_started
matrix_started
-0.0937972739 -0.1959486157 0.0061611310 -0.1316681653 0.1192446500 0.1602538973 -0.0034567032 -0.0676102638 0.1546694487 
-0.0442958362 -0.1177577302 -0.1533797383 -0.1152634397 -0.0024046935 0.0575353540 -0.1608269215 0.0601596534 -0.0339195617 
-0.1113737822 -0.1647166163 -0.1131243780 -0.1155876145 0.1505010426 -0.0962276235 -0.0443589091 -0.0794883594 -0.0186245274 
-0.1573185921 -0.1633901298 -0.0853126645 -0.0824914575 0.1280815899 -0.0681028292 0.0166156441 -0.0680584833 -0.0065940642 
-0.0659159645 -0.1625781804 -0.1008813605 0.1030071527 0.0963556692 -0.0134618795 0.0129827438 0.1791963577 -0.0330061503 
-0.0996586084 0.0152647877 -0.0057280501 0.1041520163 0.0808295980 -0.0295169149 0.1366393417 0.2352794856 -0.1165161207 
-0.0542298853 0.0234447327 0.0009059186 0.0545434728 0.1322931498 0.1957289577 0.0620482117 -0.0082670702 0.0215684865 
-0.0874928832 -0.1131010577 0.0719507337 0.1996747255 0.1185843125 0.0387546755 0.1370866150 0.1332972646 -0.0751889646 
-0.0067022056 -0.0302452985 0.1110951677 -0.1292960942 0.1120411754 0.1046218351 0.0320767909 0.0382036753 -0.0379879177 
matrix_stopped
in_layer_stopped
in_layer_started
matrix_started
0.0088838544 0.1320567429 0.2710299790 0.1180652604 -0.0468145534 -0.1353226304 -0.0413396917 0.0152908638 -0.0534857996 
-0.0361634679 0.0513143465 0.0564955436 -0.0091552623 -0.0351267904 -0.1072148904 0.0346081182 0.0351622105 0.1564912945 
-0.0625015199 -0.0136707090 0.1206662431 0.0750371516 -0.0870999321 -0.1041435227 -0.0707652643 -0.0467674211 -0.0228854343 
0.1350943595 0.1394062042 0.2030573040 -0.1077253371 -0.0034234331 0.0129606808 -0.0324236043 -0.0925008357 0.0807292387 
-0.0307210032 0.0269996915 -0.0714612082 -0.1597658396 0.0841910914 0.0318838134 -0.1982640028 0.0885122046 0.0609500110 
-0.0760985687 0.0483011417 0.2900030613 -0.0281827766 -0.0859213993 -0.1122458577 -0.1057816744 -0.0824358091 0.0447860919 
-0.0092485314 -0.1683190763 0.3367609680 0.0233566537 -0.0246931762 -0.0346039534 0.0977541283 0.1690530330 -0.1572569907 
-0.0936511010 -0.0705640316 0.2487489432 0.0918527171 -0.1716646105 -0.1057246104 -0.0886672139 0.1546382159 -0.0092734667 
-0.0968070030 0.1296296120 0.3498092890 0.0022132311 0.0039116642 -0.0736476630 0.0405822732 0.0096107563 0.0453919061 
matrix_stopped
in_layer_stopped
in_layer_started
matrix_started
-0.1130213514 -0.0315322578 0.0084538115 0.1349882036 -0.1071925983 -0.1056802347 -0.0470200926 -0.1133805886 0.2140753865 
0.0556945242 -0.0229959637 0.0939548239 0.0907540843 -0.1179851517 -0.1702416837 -0.0467261262 -0.0717950836 0.1509682834 
-0.0059926272 -0.0792883635 0.2026799917 0.3335564137 0.1248629093 0.0326547064 0.0783330649 0.1624629647 0.0286616348 
-0.0796086267 -0.0427216962 0.0636923984 0.2949332595 0.0654315874 0.0077515286 -0.1074723229 -0.1358196288 0.2384092361 
0.0120905647 -0.0007820486 -0.1492136568 0.0232285149 -0.1196699962 -0.0497320294 -0.0622830652 0.0450399630 -0.1080394015 
-0.1011028513 0.1700094938 0.1489523500 0.0568648838 -0.0348843820 -0.0945978090 -0.1034718826 0.1254719198 -0.0039092093 
-0.1877347082 -0.1392477304 0.0849002004 -0.0588208772 -0.0985654593 -0.0376477540 0.0002375011 -0.0602829158 0.0933216065 
-0.1444482058 0.0028744312 -0.0067151571 -0.0290307030 0.0107028149 -0.1535885483 0.0440209545 0.0409390405 -0.0075566000 
-0.0332001969 0.0287376791 -0.0101430118 0.0529454127 -0.0142672537 -0.0641411841 -0.0746768266 0.0326404572 0.0821778551 
matrix_stopped
in_layer_stopped
in_layer_started
matrix_started
-0.1778438240 -0.0662658662 0.0160569325 -0.0619657524 -0.0467524603 0.1234054565 0.0169445127 -0.0090419762 0.0009217241 
-0.1501882970 -0.1173106283 -0.1159054562 -0.0459841155 0.1191996932 -0.0495188870 -0.1241227612 0.0377161913 0.1171525568 
-0.0817234814 -0.0653258264 0.0278692804 -0.0934832245 0.1669744402 -0.0911872908 -0.1929564774 -0.1623918116 0.0575965345 
-0.0061329408 0.0011897534 -0.0376691967 0.0349113531 -0.0482449271 0.0441818573 0.0138578545 0.0124905305 0.0267204773 
-0.0671704486 -0.0132938344 -0.0035166366 -0.0564575568 0.0704429597 -0.0055021788 0.0552524701 0.2301232964 -0.1093512177 
0.0860270187 -0.0262914933 -0.0442540161 -0.0621329769 -0.0444766469 -0.0054077483 0.0203480832 0.0544230342 0.1184820458 
0.1113585085 0.1421718001 0.0498326980 0.0370084196 0.0870239437 0.1419287324 0.0368735939 0.0431507789 0.0774235427 
0.3078910112 0.3715942502 0.0053485753 0.1635679305 0.2961267829 0.1671045423 0.3119802475 0.2004548609 0.1170831919 
0.1038551629 -0.0837777182 0.0547057614 0.1428800523 0.2750334740 -0.0076442361 0.2078705579 0.1594491601 0.1475751698 
matrix_stopped
in_layer_stopped
in_layer_started
matrix_started
0.0414244905 0.0676622242 0.0602072217 0.1637174189 0.1557202488 0.0788701996 0.2106845528 0.3346532285 0.2581221759 
0.0058098915 -0.0097910687 -0.1828418821 -0.0459499396 -0.0489267297 0.0462263003 0.2229465246 -0.0282579195 -0.1009722278 
-0.1247920841 -0.0660464168 -0.0656169876 -0.1413024515 0.0647493824 0.1660022587 0.0530299768 0.0632935017 -0.1165535748 
0.0007264758 -0.0675771683 -0.1335980743 -0.0987838283 0.1720592082 -0.0623462424 0.0671297386 -0.0860062987 -0.0436048806 
0.1464510262 0.1287966818 -0.1883637458 -0.1170539036 0.1075826660 0.0285573136 0.1237067133 -0.1876852810 -0.1208007559 
0.0234253947 0.0257520210 0.0335061066 0.2221327871 0.1113298759 0.0865392387 -0.1035508960 -0.1330427825 -0.1216401458 
-0.0462321490 -0.2801938951 -0.0558038503 0.2141130865 0.1749716103 0.0062736827 0.0135342153 -0.1442101151 -0.0989148915 
-0.1204430386 -0.0606214553 -0.1261617541 0.1679831445 0.2091594487 0.0733344331 -0.0598726757 0.0585106425 -0.1481398642 
-0.2197107822 -0.1645270586 0.0553451888 0.0797610283 0.1152610406 -0.0539110489 -0.0125635713 0.0865934491 -0.0380949378 
matrix_stopped
in_layer_stopped
in_layer_started
matrix_started
0.1252437681 0.0119647635 0.0273823217 -0.0195681863 0.1061952412 0.2094127834 0.1695193648 -0.0287405420 0.1552616656 
-0.1092976406 -0.0177630279 -0.0605552681 -0.0942987427 -0.0956247225 -0.0531960726 -0.1107355803 0.0064232373 -0.0739102289 
0.0487115197 -0.1406196803 -0.2191188335 0.2361773401 -0.0121603506 0.0989867076 0.0856446475 -0.1450249404 -0.0949392989 
-0.0839295611 0.1454125345 0.1781191081 0.0952059031 0.0070461892 0.0499600470 0.1210464761 -0.0797691643 -0.1481291056 
-0.0585187040 0.0827535614 0.0386418253 0.1248191893 -0.0871313959 -0.0955841243 0.1032648459 0.2041304857 0.2134764045 
0.0268163551 -0.1111564562 -0.0609561615 -0.1372565925 0.0035906124 -0.1866379678 -0.1142676026 -0.0184112806 0.0868196934 
0.1775348783 0.1272918284 0.0911047682 0.0143196983 -0.0491278581 0.0858912170 -0.0707820132 0.0954421833 -0.0895864218 
0.0079401955 0.0642523766 0.0107292458 -0.0976673663 -0.0365900919 -0.0142232757 -0.1336348504 -0.0333990082 0.0041858852 
-0.1782948226 0.0164667647 -0.0235808883 -0.0888944119 -0.0360689722 -0.1023510769 -0.0596135072 -0.0627664626 0.1112576053 
matrix_stopped
in_layer_stopped
in_layer_started
matrix_started
-0.0283114240 0.1313228756 0.0119582871 -0.0466054827 -0.1515434682 -0.0482660159 0.1448358744 -0.0791633353 0.0195282716 
-0.1287558824 0.0946447551 -0.0060071219 -0.0028963680 -0.0767481402 -0.1047464088 -0.0027696362 0.1204744354 -0.0017752962 
0.1678393185 0.0269009192 -0.1156616807 -0.0376275703 0.0104347896 -0.0061621480 -0.0253137872 0.2123515308 -0.0480639488 
-0.1734929830 0.0529562682 0.0367772505 -0.0605088510 -0.1209405512 -0.0015421102 -0.0375900380 -0.0189038534 0.1367019117 
0.1411866546 0.0553765222 0.0288243219 -0.1005088985 -0.0467470624 0.0601520129 0.0154986503 0.1602720171 0.0440260991 
0.0370845422 -0.0000422827 -0.0276472606 0.2046885043 0.1998358518 0.0322216786 0.2061292827 -0.1453330666 -0.1654277593 
-0.0004232419 -0.0235736631 -0.0730363429 -0.0760661811 -0.0629273355 -0.0661545098 -0.1128408834 0.0159931779 0.1565210372 
-0.0037436965 -0.1314579695 0.1119517386 0.0634742677 -0.0016234826 0.1514047384 -0.0793484002 0.0568287633 0.1694819480 
-0.0491731875 -0.1484406292 -0.0651244894 -0.0331044272 0.0534547269 0.0129992692 -0.0291205049 -0.2067040950 -0.1066878885 
matrix_stopped
in_layer_stopped
in_layer_started
matrix_started
-0.0833256394 -0.0209777337 0.0374524780 0.1840877682 -0.0227716845 0.0193279590 -0.0333005041 -0.0774842724 -0.0580575019 
-0.0525202341 -0.0229375027 0.0504424796 0.0149708372 -0.0012138936 -0.0795740932 0.2279361784 -0.0514444672 0.0376002640 
-0.0390701257 -0.0851033553 -0.1014371142 0.0254049916 -0.0371300578 0.0151841901 0.0726027936 0.1578254849 -0.0837481245 
-0.1750428230 0.0279853605 -0.0614870824 0.2370958477 -0.0039791283 -0.1446878165 0.0363175459 -0.0398390889 0.1352065057 
-0.1310603321 0.0816103444 -0.0777942017 0.1116972640 0.0859585553 -0.0665681139 -0.1046916768 0.1496052891 -0.1191749796 
-0.1087785736 -0.0103247557 0.1450752616 -0.0244936571 -0.0225456338 -0.0034220712 0.1568798721 0.0249638166 -0.0868654251 
-0.0895943046 0.1180165187 -0.0356058478 0.0799555779 -0.1295015961 0.1041461304 -0.0523578860 0.0989403576 -0.0068004206 
-0.1859184504 0.2390738279 -0.1612874418 0.1100539789 0.0872426182 0.0253911745 -0.0736100227 0.0283175614 -0.1431991756 
0.1141250283 0.0970033854 0.0195442066 -0.0455344021 -0.0881108716 -0.2050691545 0.1840818822 -0.0973439515 0.0930301249 
matrix_stopped
in_layer_stopped
kernel_stopped
