0.2895357907 0.1595366448 0.2715421319 0.1345937401 0.1562602371 -0.2514978647 0.0999297500 -0.1662485451 0.1376194656 0.1301145256 0.2428446859 -0.1929289848 0.1095321104 0.1931583732 -0.2865573764 -0.1468236297 -0.0960637107 -0.2592019737 0.1099550128 
-0.2063564211 -0.0547733381 0.2460329384 0.1087896302 -0.1651273221 -0.2055970430 0.1790479869 0.1165599525 0.0844070911 0.2887347043 -0.1269304603 -0.1437860727 0.0969280973 0.1631053239 -0.2004372329 -0.0950329229 -0.2184911817 -0.0873656049 0.2232834399 
0.1988147795 0.1516135931 -0.1570598930 0.1901156604 0.2228178084 0.2451064438 -0.0761905909 0.1727819443 0.3324928582 -0.0945685655 -0.0901637226 -0.1963588595 0.1962061077 -0.1917744279 -0.2575863898 -0.2567975819 0.1157799214 0.2466005534 -0.2434200644 
-0.0726113096 -0.0889285952 -0.1328610480 0.0082597509 -0.1180330068 -0.1069717854 0.1709661335 0.2981789112 -0.1921761781 0.2842488885 0.0627049208 0.1331394017 -0.0980778113 0.1616377831 -0.0685466081 0.2240010649 -0.1518204957 0.0300438367 -0.1456281245 
0.2242752165 -0.0895241350 0.2194156945 -0.2803027928 0.0152574880 -0.2549665868 -0.0155418497 0.2755363286 -0.2356524467 0.1236320883 0.2168556750 -0.1382382959 -0.1503675580 0.1946418136 -0.2702611387 0.2274621427 0.2111645639 -0.3652602732 0.2748405933 
0.2156441212 -0.1210085899 -0.1759610027 -0.2827455401 -0.2414260507 -0.2458681017 0.0348647498 -0.0823327899 -0.0441683307 0.0498995855 0.2048271745 -0.1211584881 0.2749292552 -0.2291016430 0.0671772286 -0.1667397767 0.1604241729 0.2327117324 -0.2804497480 
0.1127541736 0.4081321359 -0.0849211216 -0.0241750255 -0.0616429858 0.3381922543 -0.1343059838 -0.0173387732 -0.2634460032 -0.1818255782 0.1246216297 0.1517712176 0.1412718892 -0.1647440195 0.3859340250 -0.1225229949 -0.1255807728 -0.1759526134 -0.1112979054 
0.2856736481 -0.1968821734 -0.1290018857 0.3495661914 0.2176153958 0.2859021127 -0.1113816798 0.1853011549 -0.3505020142 -0.1501706988 -0.0218815170 -0.1325159520 0.2902106941 0.2932240963 -0.1351486146 -0.2302384377 -0.1347889900 -0.1185878664 -0.2681218386 
-0.2348241210 0.1326409876 0.2020011246 -0.1440908909 -0.0774013847 -0.1340147108 -0.2447216958 -0.1197341159 0.1280398369 0.2272360027 0.1426792443 0.0484872051 0.0607944354 -0.0767552555 -0.1450879127 -0.1798634827 0.2222149372 -0.1249709874 -0.1400875002 
-0.0154112512 -0.2432005554 -0.0604527444 0.1693570316 0.1077303886 -0.0892660692 0.1730637401 0.0852487534 0.3022679687 -0.2131666988 0.0695450157 -0.3094215989 -0.2305633575 0.0810014158 -0.0885339230 0.0202653985 -0.1988833100 0.1938945502 -0.1851702780 
-0.0755732358 0.0393437967 -0.0342922285 -0.2306114435 0.0497279428 0.0090986108 -0.0692304224 -0.2535814047 0.1382008344 0.0649488196 0.1157207415 0.0246918369 -0.1462433487 0.0852162987 0.0422460623 -0.0330038145 0.0848228559 -0.0243013762 0.0679529160 
0.1028677002 -0.2019645572 -0.0197819397 -0.1960388273 -0.1878805459 0.3121154606 -0.1776784658 0.2741487920 -0.2297093868 -0.1638989449 0.2359653711 0.2732963562 0.2388878316 -0.2826780081 0.1037358493 -0.1470170319 0.2176335454 0.1886858493 -0.2413373590 
-0.1329885721 0.1865890175 -0.0194874890 0.1882109046 0.2772622705 0.3097039163 -0.1279493421 -0.3131141067 0.2790970504 -0.0936979800 -0.1494620889 -0.0749036893 0.3167625368 -0.0252092015 0.1687085032 -0.2273753881 -0.1573973447 -0.2302598208 0.3993936181 
-0.0172572564 0.1709600240 0.2953023612 0.1546815038 -0.2479378432 0.1919560432 -0.0834948346 -0.2811047435 0.0438376479 -0.1584219933 0.1868851632 0.1932563782 -0.3574006259 -0.1293285787 0.2297294587 0.1668259352 -0.3886362314 0.2166703045 -0.2877415121 
0.3237355053 0.1481230557 -0.0782223642 0.2413745672 0.2858668268 0.2867661715 -0.1588508785 -0.0989696681 -0.2213840187 -0.0371339507 -0.0482535027 -0.0864983127 0.0495192036 -0.0477978960 -0.0333743207 -0.1286565512 -0.1112719849 0.3972736597 -0.1295303255 
-0.1955181658 -0.0931799784 -0.0160336494 -0.1352984011 -0.1119130775 0.3779628277 -0.1463129669 0.3303731084 -0.0774872750 -0.1201692522 0.2790802717 -0.1289519519 0.2840419710 -0.2355176061 -0.1363943070 0.2682171464 0.1292020977 -0.1166146919 -0.2578100860 
0.1825010926 -0.0833930895 0.1223086342 -0.1738114208 -0.1772788167 0.0283812284 -0.0411716439 -0.0469486155 0.2866486311 0.0311704669 0.0604548790 0.0446372181 -0.1837177724 -0.2115041167 -0.0795434639 -0.0470020957 -0.0107902857 0.0598393194 0.2292122692 
0.1776081473 -0.2000839412 0.1755322814 0.1822060943 0.2621861398 -0.0821902379 0.2839358151 -0.2278144211 -0.1468997747 0.2184249908 -0.1522067487 -0.2206711024 0.0314725861 -0.1968292147 0.1470936686 0.2742166519 -0.1900497079 0.2961207330 -0.0032695888 
0.2468054295 -0.0381771401 0.2269787639 -0.1508301198 -0.1207827032 -0.2176464051 0.2548917830 -0.3112573028 -0.2050679475 0.0878679380 0.2271820307 0.2095793039 -0.3357014060 0.2418836802 -0.0806867108 0.1443845034 0.2297236174 0.2616142929 -0.0167706516 
-0.2968485951 0.1540819108 -0.0512649156 0.1520870179 0.1024305299 0.2251642644 -0.1074585170 -0.1440920830 0.0020107359 0.0162203982 -0.1875679493 0.1708543599 -0.1852942705 -0.1953072250 0.0600927584 0.2555626333 -0.1206975952 0.3531867266 -0.1342262328 
-0.2219708115 0.0851293653 -0.1609185785 0.2644095123 -0.3022201657 0.1159747466 -0.0525574423 -0.0275780298 0.1730533242 0.2489639670 -0.3098753691 -0.1914542168 -0.0720411018 0.0586983226 0.1284610927 0.1765856743 -0.1432884932 -0.1301787645 0.2306872308 
0.0532564968 -0.2394596934 -0.0925211459 0.2581441700 -0.0238248613 -0.1583262831 0.2171872705 -0.1589060426 -0.0973385945 0.2419573665 -0.2168222666 -0.2184871137 0.3614237010 0.1121900007 -0.1117955297 0.1721707284 -0.2361958474 -0.2036744803 -0.0717560500 
-0.1111588776 -0.1001518443 -0.0840685442 0.1479831189 -0.0954998061 -0.0065741530 0.0017159751 -0.0106920265 -0.1864277869 -0.0318452679 -0.0440049656 0.0696422532 0.2508708835 0.0702276453 -0.0449150726 0.0190280359 -0.0833076760 -0.0218153857 -0.0284024086 
-0.2231517881 -0.1521741450 0.1612829119 0.0843940601 -0.0659269989 -0.2035033554 -0.1853348017 0.0794299692 -0.0000966017 0.3169171214 -0.1105970740 -0.3130639195 -0.1824464053 -0.1871723086 0.3729089797 0.1172652915 0.0607477389 0.1564596593 0.2107148021 
0.2706419826 -0.1839649230 0.3494647145 -0.1464258134 0.0054000090 -0.1478212625 0.2121720314 -0.1192871183 -0.1177203059 0.3042525649 -0.1004984304 -0.0559910573 -0.2226701081 -0.2533425987 0.1882966012 -0.1664120853 0.3035874665 -0.1658351570 0.2218808532 
0.0763508528 -0.0571401902 0.0523799248 -0.2169561535 -0.1311321557 0.1074488908 -0.2535443008 0.0070612202 0.1098627895 -0.3951641321 0.0819738358 0.1204428971 0.1918097883 0.2902285457 -0.3563195765 -0.0681658611 0.0886127427 0.0787460357 0.1386300176 
0.0722469613 0.0882980078 0.0033376254 -0.2315349430 0.0949416459 -0.0281836763 0.1745236814 0.1167831719 0.0105175339 -0.3130833805 0.1166940555 -0.1729413569 -0.1316307038 -0.2547518611 0.1151354238 0.1158231869 -0.0478642359 0.1419927925 -0.1797513366 
-0.0954285562 0.0932436660 -0.0148046715 0.2017863691 0.1122288555 -0.2561717033 0.0766846836 0.1963104159 -0.2729225457 -0.2427675724 0.1403624713 0.0231030472 0.1597719640 0.1147541106 -0.2641153336 0.1430388093 0.0645284578 0.1097093225 -0.2721473575 
-0.0973637477 0.2825319767 0.1898395121 0.2385337353 -0.1508371383 0.1750508845 0.2339889854 -0.0497034043 0.2703465819 -0.0181336980 -0.1599901617 -0.2140313238 -0.1814368218 -0.2823247910 0.1548844427 -0.1456508040 0.0459102578 -0.1435987800 -0.0947099403 
0.0878705904 0.2065915763 -0.2192991525 -0.1459904611 -0.0635817796 -0.0255474299 0.1328138560 -0.0030865476 -0.0603438392 0.2290529758 -0.1771683097 -0.0677548796 -0.0484939478 0.1433864236 -0.1931236982 -0.0235259160 0.0248115994 -0.1744838208 0.2672574818 
0.1772358716 0.1434416175 -0.2995617092 -0.1382049769 0.1397403479 0.0797639936 0.2377656996 0.2468683124 -0.1224575564 0.0131047731 0.0085141612 0.1526712030 -0.1816457212 0.1951721013 -0.3450108767 0.2370004505 0.1485257596 0.1067089215 -0.3088792861 
-0.0976075456 0.3074953258 -0.2514984310 -0.1917875111 -0.0858759508 0.0788657069 0.1501370072 -0.1521442533 -0.2697941363 0.4559101462 -0.0892614946 -0.1838945448 0.1980248988 -0.2311153412 0.3718955219 0.1204342693 -0.1522112638 -0.1245289594 -0.1673356295 
-0.0847110152 -0.2671205103 -0.0849302933 0.2943559289 0.2744956315 0.3542314172 0.0750229657 0.0074881366 -0.0252198204 0.0824497640 -0.0253881793 0.0226467587 -0.1024396792 -0.1769595742 0.3338238895 -0.0532906577 -0.1141534373 -0.1410975158 0.0620573461 
-0.1406546235 0.2125340700 -0.0936439410 -0.1992768943 -0.0067518782 0.2354602963 -0.0106891179 -0.1612049043 -0.0527152643 -0.1552308053 -0.0958193913 0.1537817866 0.1377667934 -0.1545863301 0.3337255418 -0.1922540367 -0.0445716903 -0.0664519593 0.1190940142 
0.0686751381 0.2732990384 -0.0723295361 -0.1305352151 -0.0602007546 0.1815582663 -0.2696576715 -0.0386208147 -0.0898085609 -0.2395684421 0.0912457108 -0.0196509622 0.1405156851 0.2134219855 -0.2074952424 -0.1811613590 -0.0397531465 0.1010201871 0.1213922575 
0.1654243767 -0.1582953930 0.1245988458 -0.0926610455 -0.1735848039 -0.1740649641 0.0006321691 0.0578379519 -0.1654873639 0.1936533302 -0.1335747689 0.0818669274 0.2133524418 0.0814451799 -0.2071555555 0.1712396741 0.1990952790 0.2475992590 0.2452384830 
0.1864304841 0.1731363833 -0.0465670265 -0.1659530550 -0.1597735435 0.2016691417 0.0833019614 -0.0679887161 -0.0667735934 -0.2795535624 -0.0606086440 0.2103308290 0.1406737417 -0.1449098438 -0.1952673644 -0.1509827524 -0.1404392868 -0.1279056370 0.1983110607 
0.1133053154 -0.2209604830 0.1888812780 -0.0911711603 0.2265539765 0.1608342230 -0.1688672900 -0.0257529188 0.0420950018 0.3608726263 -0.2168604732 0.1952250451 0.1139095947 -0.2482044399 -0.2556727231 0.0625281110 0.2039925754 -0.1685942411 0.1822616160 
0.0940660015 0.0778939277 -0.1220206842 0.2925818563 0.2399754971 -0.1802455187 0.1698438972 0.1844060719 0.1434215158 0.2926644981 -0.0412116311 -0.0995336324 -0.1537394077 -0.2129997909 0.0196456145 -0.0926586464 0.1234331205 0.1426699907 -0.1441834420 
-0.0792820156 0.1801847816 -0.1148176342 -0.2148893774 -0.0356377997 0.2443699390 0.1884887516 -0.1902385056 0.0186930280 -0.2864298522 0.0023966949 -0.1076478362 0.0857019052 0.0354057364 0.1760503054 0.2057705671 -0.2241100371 -0.0835010260 0.0683876127 
-0.1696837842 -0.0371954702 0.2682708204 -0.3987037241 -0.2440675497 0.2320670784 -0.2275940478 0.0575871803 0.3066239059 0.1457168609 -0.1919319779 -0.1187909544 -0.1876242906 -0.1269578636 0.2293828726 0.0287164077 0.1120399460 0.1906014234 -0.0216327012 
-0.1046389416 -0.2166576535 0.1503079981 -0.0667775199 0.1265850663 0.1904628873 0.0881773084 -0.2128639072 0.1151910201 0.0628289804 -0.1373420060 0.0876546651 -0.0973596498 -0.0996838361 0.1320539862 -0.1882118434 -0.0822243616 0.2319237590 0.1341329515 
0.0221637841 0.0220222343 -0.3353343308 0.0503117554 -0.0877531245 0.0773383379 -0.2912832797 0.0629625246 0.0620407499 0.1411138028 0.0411169529 -0.1974461377 0.0581857041 -0.1021908000 0.1081413701 -0.3080184162 0.1339496374 0.1495753229 0.1436882466 
-0.1517388523 -0.0141224414 -0.0329651795 0.3237862587 0.2902966738 -0.0588218644 0.0782689974 -0.1905463934 -0.1807965487 0.1095487773 0.0094972244 0.2382985353 -0.0907429606 -0.0215340722 -0.0235869866 -0.1211285368 0.1800793409 -0.1678953469 0.0441592783 
0.0871175677 0.1348443776 0.1444210708 0.3129646182 0.2255388647 -0.0481151603 -0.1845517308 -0.2219146490 0.1643482894 -0.2709721327 -0.0401695818 0.0519575775 -0.1197465286 0.2255544811 0.2519265711 -0.1050734222 -0.1265113652 -0.1315769255 -0.1565804034 
-0.2085975558 -0.2091729343 0.1274697781 -0.0938903466 -0.0454155542 0.0464170128 -0.1237533689 -0.1896970570 -0.0278062392 0.1527369320 0.3077807128 -0.1730182916 0.2502318025 -0.1878913492 -0.0990926474 -0.2082958519 0.2737291455 -0.1357315034 0.2486463636 
0.2291054577 0.1951460987 0.2236044556 -0.0509444624 -0.1603032798 -0.3778005540 -0.1766090542 0.1982048899 -0.0337829515 0.1991482824 -0.0886654407 -0.2514751256 -0.3302127719 0.0448893458 0.1138911024 -0.3146270216 -0.2894962728 0.0811388493 -0.1917643249 
0.3385501504 0.2429655492 0.0575802177 -0.0937467888 -0.1180690154 0.0444108248 0.1261522770 -0.0725771785 -0.2464447170 0.0050748582 0.0523886904 -0.2390606701 -0.2165607363 0.2176039815 -0.0248765685 -0.0653207302 -0.1555999666 -0.1702045947 0.1844828427 
0.0631842241 -0.0576783642 0.2204633206 -0.2029723823 0.2884195447 -0.0960398540 0.0281217564 -0.2480616421 0.1185818538 -0.0463783219 0.2784695923 0.1453705132 -0.1183000728 -0.0358688831 0.0842070505 0.1634224504 -0.2495329380 0.1742925644 -0.2521758676 
-0.0534960404 -0.1472048163 0.2227766216 -0.0209835432 0.1863015443 0.2042006552 0.0214782823 -0.1207491234 0.1774192005 0.2841503620 -0.1492225081 0.0621525981 0.0718000159 0.0255980361 0.2167298943 -0.2013058215 -0.1818331778 0.0670661256 0.2779882252 
0.2042624801 -0.0275419466 -0.2694262564 -0.1575505286 -0.2602751553 0.1249248087 0.2382741570 0.2705212235 -0.2458992749 -0.2071381211 0.1794285476 0.2249696404 0.2087424994 0.2346448898 -0.2077381164 0.1723712981 0.2047084719 0.2218159288 -0.3421524763 
0.0021581340 0.1198040396 -0.0450932309 0.0941977501 -0.0772474483 0.1749317050 -0.0638522431 0.1395439357 -0.1952831447 -0.0611497834 0.2305648178 -0.2313096225 0.2427742183 -0.1911294609 -0.1421498805 -0.2656536400 0.2608190477 -0.2461762726 0.0873660371 
-0.1992561668 0.2906230688 -0.0013646999 -0.0095103709 -0.1414411515 -0.1064421833 0.1622844785 -0.1628314555 0.0104507962 0.0397267379 0.2489065677 0.0596880317 0.2489049584 0.2165347785 -0.2440843135 -0.2349397987 0.2236484736 -0.1541396827 0.0159639549 
-0.2928965688 0.2352731228 0.0359901190 -0.2177448273 -0.2896829247 0.1557674706 -0.1261015534 0.0760446340 0.1622460634 -0.0329448469 0.1650928408 0.1486524045 0.0717652366 0.0661481768 0.1168318465 0.0582967326 0.1009611785 0.2766788304 -0.1429656893 
-0.1510169357 0.0747733340 0.1692254990 -0.2678145468 -0.0738144517 0.1130817756 0.2263177037 -0.1789132357 0.2790990472 0.1322105676 -0.1273621172 0.2135565430 -0.2631905079 -0.1636864394 0.0583784394 0.2049327344 0.0444116555 -0.1957938373 0.2014390230 
0.2946999967 0.1604479402 0.2403500825 -0.0571400337 -0.2443663925 0.1319410950 0.1440245211 0.0110021038 -0.1095276102 -0.2935877144 0.2726913095 0.1347287297 0.1419149339 0.0480667613 -0.0046765124 -0.1520942599 0.1317986101 -0.0294972509 -0.1040266603 
-0.2386997193 -0.0005137220 0.1755916178 -0.3588892221 -0.0219355617 0.1863932759 -0.0217379611 -0.3145332336 0.0394765697 -0.2701062858 0.1444599628 -0.0683960095 -0.0894355550 0.0678840950 0.0711429715 0.1400170922 -0.2413188666 0.1356216371 0.0357410200 
-0.2770259082 0.1385128945 0.0757137910 0.0935440063 -0.2187222838 -0.1810961813 0.0522602648 -0.2756383419 -0.0969576389 0.1438160688 -0.0895658508 0.2289272696 0.2527282536 -0.0445669778 -0.0168782230 -0.2977046669 0.2071339339 -0.1994794607 0.1935311556 
-0.1713248938 -0.0090255104 -0.0691806376 0.1606081128 -0.0271071289 0.2430953085 -0.1009798124 0.2328166813 0.1562421918 -0.1878773421 -0.1194388568 -0.0905341804 -0.0590640269 -0.0906020105 -0.2022121847 -0.1006267741 0.2809720039 -0.1474675089 -0.0833292529 
0.0927403420 -0.2535752058 -0.2620390356 0.1190809906 0.0205268729 0.2229382098 -0.1914314181 -0.1547568142 -0.2334774286 -0.2014842480 0.1676942259 0.1916276813 -0.0950174704 -0.1872421056 0.1105068401 -0.2187801450 0.2162996083 0.0585836805 0.1691292226 
-0.2003951371 0.1170393378 0.1731328666 -0.0937362015 0.0962173641 0.0736031383 0.1478737593 0.1120549366 -0.0081174243 -0.1589702070 0.0663063973 -0.2488360405 0.1786752343 0.1144449636 -0.2478266507 0.1818095297 -0.1824746281 -0.2326834202 -0.0744719207 
-0.1046702340 0.0653505027 0.3229295015 -0.0387381651 0.2130558789 -0.0575879626 -0.1018382907 -0.2165456861 0.2134201080 -0.1922687888 -0.0628794506 -0.1571262926 0.0746796653 -0.1419985592 -0.1655088663 -0.0413084626 0.2082017362 -0.1287134141 0.2500213981 
0.2712263167 -0.0185584743 0.0316335522 -0.0729145110 0.1996041685 0.0233102087 0.0623500273 -0.3330100775 -0.1264454573 0.1963983327 -0.2411555499 0.2401460707 -0.1772981286 0.0637014359 0.0979500338 0.0305567831 -0.1938560903 0.2025004774 -0.2317935079 
0.2221480757 0.1381714344 0.1507219374 0.1442045718 0.0003546211 -0.1772295386 0.3704392016 -0.0940383151 0.1296077371 0.1454353631 -0.1810590625 -0.1050478667 0.1199028790 -0.1887960881 -0.2300877422 -0.1968769133 0.1441600621 -0.0472228751 -0.1203218773 
0.2790979445 -0.2171777636 0.3746380210 -0.1545276493 0.3942552507 -0.0293500368 0.1961476654 -0.1777660847 -0.0581584647 0.1335146278 -0.0322936475 0.1365910619 -0.1512854993 -0.2080014944 0.3963653147 -0.1539709866 -0.1614046991 0.0050603324 -0.0893784240 
-0.0357260890 -0.0433789380 -0.2278893441 0.2143830210 0.1589163691 -0.0589975156 0.2914778292 0.3117549419 0.2667217851 -0.1174028292 -0.2249806225 -0.1112023517 0.1126265973 0.2620396614 -0.2131542563 -0.3029377162 -0.1650711745 -0.1634825468 0.1691545695 
-0.2114762813 0.2314214706 0.1476479471 0.3514501452 -0.4164444804 0.0197833199 -0.2644872963 0.2767677605 0.2044167817 0.2166254669 -0.2819207013 -0.1937279850 0.1216512173 -0.2660797536 0.1357809752 0.1508654058 -0.1279450357 -0.0449455902 0.1386220306 
-0.0987363905 0.1347934157 -0.1925399303 0.2925676405 -0.3482859731 0.1023124158 0.1378123611 0.1059833691 0.1642405242 0.0167987235 -0.1771509945 0.1904538125 0.0399033614 0.1153692827 0.0387009978 -0.1773530841 -0.2982612848 -0.1674508750 0.1501242369 
-0.1624618620 -0.0281622689 0.1939004064 0.1656994671 0.1118597984 -0.0934141800 -0.1038209647 0.1366043985 0.0859729052 -0.1716430485 0.3089521527 0.2639627159 0.1362021863 -0.1567437053 0.0822801962 -0.1379210651 0.2348173559 0.0698192865 0.2625966072 
0.1289056689 0.1723242253 0.2113363594 -0.2066430151 -0.2183269709 -0.3014239967 0.2487612665 -0.2197030187 -0.3656213582 0.1743767858 -0.2017578632 -0.0017843284 -0.2613182068 -0.1625475138 0.1953157336 -0.0795434564 0.3093101978 -0.1788431555 0.2849221826 
0.1181701124 0.1870841086 -0.2597489953 -0.1395381242 -0.1458034366 -0.1387193501 -0.1819852293 -0.0903422758 -0.1890942007 -0.1754490733 0.2283393890 0.2824861705 0.0957015827 -0.0174386892 -0.1659479439 0.2530322969 0.1757901311 0.1597745419 -0.2290538698 
-0.1122761592 0.1496449709 -0.1347996891 0.2120292932 -0.0257165320 -0.1546688974 0.2327967584 -0.0531437173 0.2150123566 -0.2182107866 0.3490581214 -0.1661478877 0.3602275848 0.1633040458 -0.2238680869 0.2503239810 -0.1245888621 -0.1385147423 -0.1992210746 
-0.2315087467 0.2225898206 0.0086111007 0.2267465293 -0.1855141073 0.1259974986 -0.2165522873 0.0800275505 0.2298141718 0.0154512366 -0.1120703667 0.2727698684 -0.0338593572 -0.1349513531 0.0532744266 0.0942754745 -0.2242504060 0.2184956372 -0.2383041233 
0.1029933989 0.2115255594 -0.2685553432 -0.2441335320 -0.2002363801 0.1827937067 0.1764134169 0.1444889456 -0.3251213729 -0.3069492280 0.0882041305 0.1935495138 0.1344192624 0.2039207220 -0.1139492616 0.1435915381 0.2046157867 0.0749325380 0.2888890505 
0.0733507276 0.0329482779 0.1339064986 -0.2752489746 0.2740083039 -0.2773811221 0.1705380678 -0.2602078915 0.1515580714 0.0482176580 -0.0550017580 -0.0498233959 -0.2646923363 0.1113820076 0.1879997849 -0.0282833334 0.2179896832 0.0886377692 0.1554073691 
0.1244250163 -0.3468576074 0.1170137525 0.1572916210 0.1699573547 -0.2756440341 0.1459084898 0.0281345751 -0.0374197438 0.1178170219 0.2351400554 -0.2923172712 -0.0701561794 0.1863549054 -0.3051239550 0.0299762674 -0.1186522394 -0.0114081698 0.0945215374 
0.2377175987 0.0431657881 -0.1638281494 -0.1600273550 0.0395852663 0.2444948554 -0.1368943602 -0.1283711046 -0.1641663611 0.2913139462 -0.2216103971 0.1853655726 0.1974211633 -0.0715849102 -0.1705292612 -0.0493722446 0.2449230552 0.1112639308 0.1688179672 
0.1468407661 0.1162923425 -0.0423767678 -0.1638031751 -0.1618352979 0.2840955555 -0.0008671458 -0.2210290730 -0.1343387514 0.0777961463 -0.0220919456 -0.0906074196 0.2168872803 -0.1688784063 0.2761323750 -0.2202232182 0.2826995850 -0.1221547425 -0.0982985124 
0.2255664021 -0.0428005084 -0.2875871956 0.0303746238 0.2345634848 -0.0913116038 0.2280858159 0.0646254644 -0.3077778220 0.0999933705 -0.1208909452 0.2022802979 -0.1690727323 0.1935364604 -0.0838001072 -0.2056995630 0.2271755636 -0.2370629460 -0.0719105452 
0.0831715018 0.2503357530 0.1874277145 -0.1986764669 0.0310595986 -0.1170909479 -0.2646324933 0.0862329155 -0.0210776925 -0.3580515981 0.1089835465 0.1321000904 0.1386743635 0.2162371725 -0.3802145422 0.0512657017 -0.0848912448 -0.0409823582 -0.0773408413 
-0.2371866703 0.3059292734 -0.0120791038 0.4022012949 -0.2357925773 -0.0725730956 -0.1092745513 0.0105421096 0.0588770323 0.2517066002 -0.1856384575 -0.2581801713 0.3700807691 -0.0254425574 -0.0625667945 -0.0616291687 -0.2588000596 -0.2383675128 -0.1162311882 
0.1534338892 -0.0242091995 -0.0302002877 -0.1485705525 0.2276531160 -0.2135227472 0.3396714330 -0.2278952152 -0.2447271794 0.2440390587 -0.2536446452 0.1218391806 -0.3023384809 0.0284715183 0.3007934988 -0.1690606177 0.0167764165 0.2158670872 -0.0246973839 
-0.1284268200 -0.0543078221 0.2676029205 -0.0859661624 -0.1642022282 -0.1676807702 0.0650533140 -0.0409998000 -0.0090244133 0.1848357469 0.1736198813 0.1234832779 -0.0819055587 0.3266590536 -0.1149815172 0.0117517943 0.1633722931 -0.0732057318 -0.2393833846 
-0.1501065493 -0.0996329859 -0.1609442830 0.1573087573 0.1310384572 -0.1251293570 0.0844973549 0.1054271460 -0.0789746717 0.1660904139 -0.0356682874 0.1717962027 -0.1969291419 -0.0382143185 0.0217840951 0.1775281578 0.1320361048 0.0582841560 -0.1285865009 
0.0446935110 -0.3418853283 0.1714841425 0.0344892107 0.2123277634 -0.0789502114 -0.2487538457 -0.1786251068 0.1553314775 -0.2210106701 0.1494472474 -0.3228606582 0.1017121300 -0.1397109181 -0.1413844079 0.1623328924 0.1764476299 -0.1274290234 0.0930058062 
-0.1276222765 0.0341918096 -0.2142476439 0.2427826524 -0.1510189325 0.2380644083 -0.1647910774 0.0896394253 0.1947154105 0.2335834652 -0.2162477076 -0.2901515961 -0.1228935197 0.0568621382 0.1948446482 0.1241239905 -0.1898357421 -0.1238706559 -0.1262131333 
-0.0956990272 0.2545576096 -0.2036211342 -0.0143199526 0.0804112032 0.2057117373 -0.1227893680 -0.0127843274 -0.0782141685 -0.1592993438 -0.0909848362 0.0637299940 0.2165656686 0.0079921642 -0.1928793192 0.1917377859 -0.0366813466 -0.1784356683 0.2047137767 
0.2315752357 0.1182969734 -0.2574596703 0.0170175619 0.1643034667 -0.0395682752 0.2334870249 -0.0449302495 -0.0021226979 -0.4266791642 0.1304428726 0.2180085778 -0.1951474249 0.1562756747 -0.1528922766 -0.3059549332 0.0807112753 0.1075992882 0.0922905207 
-0.1317960024 -0.1473884135 0.1808539033 -0.0326074101 0.2324103266 -0.2695423663 0.2107346356 0.0284237079 0.1588551551 0.1834243387 -0.2021483332 -0.2972122133 0.0567930415 0.0474981479 0.0595934987 0.2493165880 0.2315817028 0.1772996038 0.0643739700 
0.0183718801 -0.1402832568 -0.0737081021 0.1727159321 0.0131843323 -0.1545588523 -0.0947344899 0.1279800534 0.1775853336 -0.1034991890 0.2981123924 -0.0457879156 -0.1227456182 -0.1153034642 -0.1373963058 -0.1526767015 0.2555695176 0.1811676025 -0.2515427172 
0.2428838015 -0.2794573605 0.1007318571 0.0651538819 0.0601407252 -0.1106575727 -0.2490492165 0.0926170796 -0.2037973255 -0.2777726948 0.1947231442 -0.2750830650 0.0947589502 0.1241764277 -0.1276247203 0.1399459541 0.2560536861 -0.2555468976 0.1338083744 
0.1578371823 -0.2377212197 0.1420574784 0.0050201225 -0.0767884180 0.1119465902 -0.1726238430 0.0880238339 0.2226267159 0.0217164438 0.2211868465 -0.1414737403 -0.1160222590 -0.1131950617 -0.1459606439 -0.1310087442 0.0861100927 0.0625999942 -0.0372210592 
-0.0353170522 -0.1116508394 -0.1589662731 0.1928333491 0.2815948129 0.1235812977 -0.2663906813 0.3496400714 0.1258733124 -0.1119068339 -0.0910845101 -0.1474622786 -0.0445377342 0.2663089931 -0.2526139319 -0.2095066309 -0.1034701169 -0.0165090561 -0.2087722123 
-0.1712584794 -0.2272832841 0.2992232442 -0.1898037493 -0.0954595730 -0.1593045592 -0.1117539108 0.4134875238 -0.2526355088 0.2568110228 -0.0749093369 -0.1502408087 -0.2415340096 -0.1857214272 -0.1925303042 0.4372975230 -0.0773738027 -0.1696465909 0.0981374159 
-0.1487747282 -0.1419923455 0.1882064790 0.0038992453 0.1565450579 -0.1174878106 0.0360749364 0.1026915982 -0.0009169888 0.2370741218 -0.1398245990 -0.0536017530 -0.2072833627 0.2234097868 -0.0652298555 0.0997573361 0.0911857858 0.0032869512 -0.1948870271 
-0.2397927046 0.2666597068 -0.0036881005 -0.2906088233 -0.2360555977 -0.0126711382 0.2468162924 -0.1334429234 0.3550960124 0.1900386363 -0.2251570374 0.2308865935 -0.1996217817 -0.0634232983 0.2237686813 0.1278873533 0.1403086632 -0.2561997473 0.0920807570 
0.2438935935 0.1783588082 -0.2964631021 -0.0199048333 -0.2895211279 -0.1211696714 0.0862720907 0.2676992416 0.0133258924 0.1417180300 -0.2990284264 -0.1508645564 0.2431823909 0.0873771757 0.0643745437 -0.2604798675 0.1855395287 -0.1491749585 0.2117175609 
0.1952313781 0.2206217051 -0.0569836609 -0.1657997221 -0.1032940671 0.2374297976 0.1622850001 -0.0790996104 -0.1319470406 -0.2059062570 0.2071185708 0.1511767656 -0.3469892740 0.1375772059 0.0614558049 0.0586689189 -0.1712293625 -0.2269491851 0.1043794379 
-0.0214545131 -0.1292139441 -0.1273359507 0.2100749463 0.1614686251 -0.1459900886 -0.1443403810 -0.1723025739 -0.0203224365 -0.1171883717 -0.1209045500 0.1666638702 0.0310463682 0.1448390782 -0.1836275309 -0.0607404001 -0.0090654893 -0.1111191288 0.2039628625 
0.1211748123 -0.1519220024 -0.2035682499 0.1855617762 -0.1045079157 -0.0613240376 0.0158343688 -0.1563174576 -0.0514745265 0.3436312675 -0.2452518642 0.0315772928 0.2061826736 0.1083956659 -0.1045207009 -0.2066151500 0.1949784458 -0.0454810746 0.1732795537 
-0.1013378352 -0.1332430840 -0.0232311301 0.4284625053 0.4264799654 -0.0809197947 -0.0695913583 -0.1193271279 -0.1895158589 -0.0152402222 -0.0917434320 -0.0635055751 0.0152682979 0.1463610232 -0.0893140063 -0.0408487134 0.0320259407 0.2959824502 0.0228018239 
-0.1192413494 -0.2519471049 -0.2712520063 0.1773501784 0.2147314847 0.2882033587 -0.2425508201 0.1691063792 -0.3193019331 -0.1596254557 0.2470771372 0.1265816092 -0.2567459047 0.1324580908 0.0557116307 0.2035843581 -0.3456080854 0.1845175624 -0.2675945163 
0.2564562857 0.1680569649 -0.2523456216 0.1385403872 0.1289905608 0.0778556243 0.0753889680 -0.1842084676 0.1569341421 0.0746859163 -0.2194018662 0.0934592336 -0.0556360371 0.1267314404 0.0651809350 -0.2828501165 -0.3260121346 0.2682391703 0.1753421277 
-0.0610730872 0.1633847654 0.2821049392 -0.1223434880 -0.1344926804 -0.1969390661 0.1897577643 0.1105635539 -0.2730180323 0.2746740878 -0.0945518836 0.3049894869 -0.1836173981 0.2327921242 0.2651692629 -0.0678541288 -0.1304317266 -0.0352019779 0.0299099684 
-0.2275536060 -0.1554628611 -0.2351845652 0.2532540560 0.1190272868 -0.2107489258 0.0675898045 0.1105775982 -0.2334742397 -0.0531003438 0.0286877975 0.0666525662 0.1241468340 -0.1821010560 0.0064596860 0.1293641627 0.1346365064 0.1046535149 0.0288295075 
0.2464206368 0.0605628788 -0.0195203312 -0.1089465469 0.1150954291 0.2401085198 0.2710234821 0.1340395659 0.0098122358 0.1225814968 0.0447999053 -0.2996157408 0.0615592077 -0.2355354726 -0.2593194544 0.1902929991 0.0797105432 0.1455097049 -0.1344961822 
-0.2811100483 0.0689927116 0.2585703731 -0.1984880716 -0.2226923853 -0.1443123668 0.2249309719 -0.2024772167 -0.3618266582 0.1514257342 0.1831106246 0.1428890526 0.1171121672 0.2969802916 0.2777078748 0.0412979312 0.2238635570 -0.0892178640 0.2594627738 
0.0458155647 0.0903480724 0.2885163426 -0.1394976526 0.3185096979 -0.0254760925 -0.1515236050 -0.2539282739 -0.2057767957 -0.1641308069 0.2253155857 0.1063992083 -0.0057582529 0.0990956947 -0.2610461712 0.1925483644 -0.1977624744 0.1160475761 0.1847453117 
-0.1155099049 0.1526393890 -0.0009430299 0.0660002306 0.1349208057 0.0856270939 -0.0926090628 0.0646075904 0.2215815187 -0.1319023073 -0.0732158273 -0.1324737221 -0.1512745917 -0.0312929675 0.0828518644 0.1109729931 -0.0881528556 0.0488024168 -0.1173604354 
0.0589677058 0.1686941087 0.0741071850 -0.4506334066 0.3026365042 -0.2371678650 0.0694080368 -0.2198163122 0.1739322990 0.0510016158 0.1735235155 0.1494407654 -0.1123696193 0.0673676059 0.1291874498 -0.1582172811 0.1803421676 -0.2330398113 0.1248089224 
-0.2761947811 0.2781156600 -0.2110935301 0.2934292555 0.1165318936 -0.1757643670 0.2292302698 0.0939202011 0.0563649312 0.2393461615 -0.2393398136 -0.1170661375 -0.0563708879 0.1536273062 0.2222877145 -0.2238749117 -0.2342020571 -0.2455403507 -0.2069648057 
0.2437050194 -0.1255699098 -0.1820507795 0.2193318456 -0.0594435073 -0.0630825907 0.1760307103 -0.1043607518 -0.1328050941 0.1425875425 -0.1644023359 -0.0462266505 0.1297457814 0.1492963284 -0.0887499079 -0.0608370192 0.0832691640 -0.0391591638 0.2078394145 
-0.2866264582 0.2356600016 -0.1484258771 0.1749181151 0.1781951487 -0.0393362865 -0.1375407428 -0.2893591225 0.1342628747 -0.0673957318 -0.3182488978 0.2289951742 -0.1970276237 -0.2191836834 0.2437308431 -0.2470438927 0.2029379159 -0.2131958902 0.1946926564 
0.2310452759 -0.3135544360 0.0739227310 -0.0198261421 0.2153999507 -0.0454667844 -0.1603863537 -0.0883415118 0.1184112355 -0.2494824827 0.1433158219 0.2639437914 -0.3180873990 -0.1824620366 -0.0189442914 0.1358516663 0.1658139676 0.1145448238 -0.0311429352 
0.2136200517 -0.1367576420 -0.0757422149 0.2539401650 -0.1057885066 0.1740829051 -0.1625380516 0.1134953126 -0.1077912822 -0.0675585866 -0.1366360486 -0.1966715306 -0.1893207133 0.0195321199 0.2678392231 -0.2323146909 0.0197371766 0.1502498686 -0.1140295789 
0.2814458013 -0.1765137166 0.3066505492 0.0157594867 -0.0438117832 -0.1734308004 -0.1313758194 -0.1173509806 -0.1551430523 0.1066901088 0.2719671428 0.1479622573 -0.2610435486 -0.1461476833 -0.1419639736 0.1982022524 0.1787445694 0.1965357810 0.2310696989 
-0.0552179813 -0.2084597498 -0.1157614663 0.1229842976 0.0128278369 -0.0250979867 0.2056871206 0.0554584824 0.1090571880 0.0917105377 -0.1125598177 -0.0481107794 -0.0817688778 -0.1443497539 -0.0498108752 -0.0073289494 -0.0504270233 -0.0572103225 -0.1891107410 
-0.3524442017 -0.0362843461 0.2107423246 -0.2134755850 -0.0628992394 0.2075861543 -0.3809209764 -0.1635319293 -0.1537766606 -0.3376430273 0.1992913336 0.0902733058 0.0555402935 0.2566327453 0.0124110598 0.0931366980 0.0995025188 0.1832947284 0.0138550531 
0.1439323872 -0.2394238412 -0.1287726164 -0.2536347806 -0.1993300915 0.1673859805 0.2558429241 0.0569200739 -0.3074505925 0.0259297397 0.0740862936 -0.1917077601 0.2072101831 -0.1149238870 -0.1780576557 0.2043484747 0.1666179895 -0.1321769953 0.2524289787 
-0.1407293081 0.1100016162 -0.0836933181 0.1970365494 0.1821516156 0.1644381732 -0.1729927808 0.2160293609 0.2462072074 -0.0084925145 0.0752282664 -0.2778847814 -0.0028265938 0.3220286369 0.0020898371 0.0111048659 -0.2543469369 -0.2176067978 -0.2726415098 
-0.0216133781 -0.0884892792 -0.2977809608 0.0333559476 0.2289577872 -0.0239436273 0.1911587566 -0.2971094251 -0.1276013404 -0.1002770811 -0.3621174991 0.1764210910 0.0853582546 0.2863578498 0.0378094874 -0.2391391844 0.0599401668 -0.0387992114 -0.0490335189 
-0.0425053798 0.2820875347 -0.1931498796 0.1893921047 0.1843539178 0.0162366796 -0.0262634195 -0.2484981865 0.0751697347 -0.1198135167 -0.1083172187 -0.3414654136 0.2157790363 -0.0835535675 -0.0358207412 -0.2652477622 0.2253508270 0.3713730872 -0.1184651181 
-0.1331017464 -0.0988797694 0.1307948381 -0.1938881427 0.1079965904 0.1886248142 -0.1775484234 -0.1698633134 0.1769017130 0.2355085015 -0.1322185844 0.1236815751 -0.1599345505 -0.0843422934 0.1336406469 0.1766821593 -0.1424648166 -0.1768008322 0.2189576924 
0.1944723427 -0.1513303369 0.0787326917 0.1073554531 0.1524372697 -0.0839743912 0.0245569516 -0.2162984014 -0.0625578314 -0.0281563848 -0.0363770314 0.1410594732 0.2493498027 0.2459076196 -0.0997167230 0.1230829954 -0.2100257725 -0.1588561237 -0.0844139829 
0.0910862386 -0.2047580183 0.0970378518 0.1261152774 0.1014920622 -0.1334698796 -0.0321544595 -0.2782446146 0.1822806746 0.0241155177 0.0077481354 0.0099393129 0.0008790290 0.0313613601 -0.1401346028 -0.2388929278 0.1421942711 0.1229036450 0.1269242913 
-0.1822163016 -0.0229395460 0.2496510595 -0.1848131567 -0.1275379360 0.0751822218 0.2335838377 -0.1614484042 -0.3009275794 0.0813631639 0.1226662472 0.1420971155 0.1322004795 -0.1620894372 0.3298937678 -0.2338426858 -0.2478914112 -0.2334685624 0.0428450741 
-0.0543191805 0.0656916648 0.0633375049 0.2768551111 -0.3362753391 0.0005138225 -0.1740760505 0.2887412608 -0.0370641574 0.2973233163 -0.1700764149 -0.1742744893 -0.1975827664 -0.2591056824 0.2138260901 -0.0210515428 -0.1343071312 0.2622590363 -0.0186556410 
0.2351628840 0.2138960212 -0.0469519757 0.1280007213 0.0673583895 0.0785770416 -0.2947372198 0.1461678445 0.1896747500 0.1150645763 -0.2904134691 -0.1817227006 -0.0474317148 -0.2902430594 0.1111628637 0.1620921642 -0.2358239889 0.1764158159 0.0839799866 
