bias_started
-0.0254460666
-0.0094529241
0.0116969496
-0.0104366671
-0.0004956521
0.0105737299
-0.0097900433
-0.0029421332
0.0249722097
0.0047937585
-0.0042126221
0.0003147426
0.0223506652
0.0181628838
-0.0043348591
-0.0054485775
0.0017320514
0.0162130743
-0.0026674841
0.0105125140
-0.0111965407
-0.0182057042
-0.0196934231
-0.0169991981
-0.0050103916
-0.0019991451
-0.0070490791
-0.0158572868
0.0204819683
-0.0017599696
-0.0023967607
0.0094962241
-0.0078190584
0.0034129687
-0.0068817632
-0.0047094966
-0.0098636607
-0.0136538427
0.0034200763
0.0173544530
0.0041307048
-0.0015494453
-0.0045537362
-0.0098068742
-0.0096579120
0.0156772695
0.0021882441
0.0079827160
-0.0156805906
0.0060520754
-0.0061002197
-0.0125638256
-0.0077769672
-0.0134739587
0.0030131999
-0.0109340176
-0.0016404013
0.0000058382
-0.0037667684
-0.0099817533
-0.0087652635
-0.0040254234
-0.0031725382
-0.0029125670
bias_stopped
