bias_started
-0.0001611289
-0.0016678415
-0.0024780540
-0.0017670753
0.0034182419
-0.0086495774
0.0044148159
-0.0018448768
-0.0030142199
0.0090156235
-0.0014684366
-0.0028338549
-0.0055192504
0.0039975322
-0.0033749994
-0.0008225390
0.0085534370
0.0028033543
0.0047594197
0.0071695545
-0.0018286040
-0.0055619171
-0.0023658203
0.0064258077
-0.0080317752
0.0017360046
0.0025600630
-0.0015024587
-0.0058652866
-0.0028844257
-0.0070593632
-0.0007342793
-0.0042213295
0.0061309431
0.0056120930
0.0080963867
0.0037785722
0.0047893813
-0.0046476508
-0.0073283664
0.0041029858
0.0024385292
-0.0019482861
-0.0009204298
0.0069618197
0.0057106055
0.0045451340
-0.0034742262
0.0011184333
0.0026440057
0.0067130174
-0.0014720701
-0.0036056554
0.0033403432
0.0055036577
0.0007038841
0.0067543508
0.0019938541
0.0000116870
-0.0041572768
0.0092067393
-0.0079223365
0.0070845294
0.0012198656
0.0068283589
-0.0012419309
-0.0007138710
-0.0030233092
0.0008790193
0.0108613605
0.0043048831
0.0067655286
0.0012470740
0.0066867438
0.0026332627
-0.0031478778
-0.0068030539
0.0053836531
-0.0025123572
0.0008558428
-0.0051511382
0.0020194175
0.0001657695
0.0086950678
-0.0052181738
-0.0100100571
0.0091862809
-0.0015374679
-0.0026307218
0.0065668984
-0.0018811213
-0.0036393569
-0.0022692326
0.0042985599
0.0096095484
-0.0056698145
-0.0001358248
0.0008534234
-0.0074512577
0.0061035436
-0.0131208645
0.0044522239
0.0042500510
-0.0105265602
-0.0017969799
-0.0092118960
-0.0069906851
0.0057825800
0.0038962357
0.0031277316
-0.0080263028
0.0009811227
0.0002248947
0.0102930041
0.0096013397
0.0033779445
0.0047597070
-0.0000654878
0.0062622102
0.0026494460
-0.0011680576
-0.0030922149
-0.0075984118
0.0003733379
-0.0054668551
0.0022476909
0.0032339252
0.0024510375
bias_stopped
