kernel_started
in_layer_started
matrix_started
-0.0361488126 -0.1476572007 -0.0432560891 -0.0174703356 -0.0984516069 0.0436881296 0.2313251346 0.0460766517 0.1200983003 
-0.1702140570 0.0941415578 -0.0915070251 -0.1087663248 -0.0134399729 0.1697889268 -0.0134808458 -0.0228237007 0.0298865065 
0.1781706363 -0.1926633567 -0.1652990133 0.0537967570 0.0044065220 0.0542341620 0.0107190860 0.1593257487 0.2086140811 
-0.1178372800 -0.0058291843 -0.0955003873 0.1126624942 -0.0199377201 0.0973055065 -0.0267244987 0.0152118048 -0.1585740298 
-0.0842555463 0.0058443369 -0.1511412263 -0.0686212406 0.0858518705 -0.0432023220 0.0765113533 0.0174530409 0.0052910913 
-0.0126792183 -0.1088927239 0.1254015416 0.0229264330 0.0124651883 0.0811643675 0.1180586219 0.0297259185 -0.2163390964 
0.0290924963 0.1614903212 -0.0641598701 0.0562596507 -0.0580414608 -0.1460372359 -0.1758287996 -0.1136071682 -0.1789219528 
0.0693499148 -0.1389650553 0.0727899745 -0.0370392688 -0.0845441222 0.1031512842 -0.1202826947 -0.1041917950 0.0345785804 
-0.0264457557 0.0846634284 -0.0227076951 -0.1621483862 0.0616034828 -0.0841855928 -0.2129736543 -0.0029580193 0.1241076887 
matrix_stopped
in_layer_stopped
in_layer_started
matrix_started
0.0613669604 0.0079438901 -0.0628206357 0.1339736730 0.0445869379 -0.1279943287 -0.0266665909 0.0421035700 -0.1231623664 
-0.0459264070 0.1449995190 0.0833829120 -0.0349393785 -0.0238371007 -0.2385045588 -0.1544351727 0.1231915951 0.0603437871 
0.1960307062 0.0670938194 -0.0511657074 0.0567406937 -0.1593318880 -0.1824829131 -0.0010963731 0.1876131892 0.1034392416 
-0.0090190712 -0.0561422147 0.1399423331 0.1018262133 -0.0875213444 0.0735368505 0.0609719530 0.0445050821 0.1986516565 
0.0735227317 -0.0655958429 -0.0051537366 -0.0697412491 -0.2023517787 -0.0602979660 -0.1105008572 -0.0861777663 -0.0012300282 
0.0136038521 -0.0473755822 0.0507467575 0.0727910250 -0.1261000633 -0.0654847100 -0.1040162221 -0.1618765146 -0.0969367027 
0.0645256415 0.0648605824 0.0584125184 -0.0398508944 -0.1684626043 0.0717104450 0.0694913343 0.0073510404 -0.1989690065 
-0.0291012302 -0.0008536122 -0.0253756903 -0.0377065986 0.0652002171 -0.0505699366 -0.0044942307 0.0236264449 -0.0058889827 
0.2352551073 0.2131758779 0.1920630634 0.0824414417 -0.0682032481 0.1226076856 -0.0436552316 0.0981410220 -0.0721621066 
matrix_stopped
in_layer_stopped
in_layer_started
matrix_started
0.1295135617 -0.0639783442 0.0426261388 0.0946525112 -0.1162443087 0.0285493433 -0.0098984307 0.0925562456 -0.1008643433 
-0.1622305959 -0.0217867382 -0.0570817851 -0.0376368351 -0.0200927109 0.1609824896 -0.0244565383 0.1139966920 -0.0160160884 
0.1771226674 0.1165261567 -0.0579285212 0.0850312263 -0.0481518246 0.1512779891 -0.1098449305 0.1380203515 -0.0714545846 
-0.0147979138 -0.0936006233 -0.0352019332 -0.0797896907 -0.0079987748 -0.0147078317 -0.1218109950 0.1163265258 -0.0640288666 
0.0455845408 0.0732642785 0.0117339799 0.0081059393 0.2166287601 0.1500039250 0.0994724408 -0.1212303042 -0.0448787287 
0.1336553097 0.0597743802 0.0300895609 -0.0609305315 -0.0476870537 -0.1467771977 -0.0773241669 0.0549520142 0.0524115637 
0.0465953685 0.0463217981 0.0110290414 -0.0667968243 -0.0658175349 -0.1491347551 -0.0372995771 0.0095750690 0.0038670332 
-0.1195459142 -0.0494559519 0.1212699637 -0.0793155432 0.1317208409 -0.0301162712 -0.0239405762 -0.1118014306 0.0681843013 
-0.0371542163 -0.1452636123 -0.0187819041 -0.0694553107 -0.1549117118 -0.0693360716 -0.1770152003 0.0844012648 0.1284835637 
matrix_stopped
in_layer_stopped
in_layer_started
matrix_started
0.0685285181 0.1263326705 0.0098168487 -0.0498507656 0.2290511876 0.1541895419 0.1898865700 0.1698970348 0.2406049818 
-0.1208471805 0.0524939075 -0.0918997303 -0.1096720472 -0.0555106215 -0.0201431364 0.0143149961 0.0428565219 -0.0716954544 
-0.1849033982 -0.0333176553 -0.0435297452 -0.0271620508 0.0466554500 -0.0950706601 0.0380355120 0.1294958740 0.1524428278 
-0.0005355598 -0.0476549119 0.0373222828 0.0595486164 0.0317515284 -0.1008091271 -0.0479343608 0.1379200518 -0.0692357048 
0.1196801364 -0.0520486869 -0.0266102329 0.0309441574 -0.0941517428 -0.0298833009 -0.0041321362 -0.0457631834 -0.1378221810 
-0.1651609838 0.0738432705 -0.0572386682 -0.0683124363 -0.1424110979 -0.0301147513 -0.1325175464 -0.1823306829 0.0137481056 
-0.1950879544 -0.0738477856 -0.1331492066 0.0041869609 -0.1945935041 -0.0209996328 -0.1166388914 -0.0711035132 -0.0795796067 
0.2414929569 0.1453846842 0.2297322452 0.0491119064 0.0993059427 0.1024244204 0.1723078936 0.1176601648 -0.0318362936 
0.0458880663 0.0196638461 0.2021219134 0.1730577797 0.2094076574 0.2226596475 0.0265073441 -0.0995536074 0.0513771325 
matrix_stopped
in_layer_stopped
in_layer_started
matrix_started
-0.1357263029 0.0698373392 0.1546499878 0.1044627875 0.1667134315 0.1329029948 0.0576698743 -0.0400455520 -0.0990351811 
-0.1237873510 -0.0123186372 0.0566322617 -0.0077853538 0.1832166314 0.2314049304 -0.1024873406 -0.0335803069 -0.1327562928 
-0.1165683344 0.1153902188 0.1677025855 0.0728420839 0.0159993600 0.1611841023 -0.0836262032 -0.0577352419 -0.0454851836 
0.0185361262 -0.0561340414 0.0069855154 0.0928169563 0.1871569008 -0.0175292604 -0.1198623404 -0.1355722845 -0.1914765984 
-0.1961922646 -0.0091726622 -0.0220982190 0.0911565498 -0.0858275965 -0.0725225657 -0.0937355012 -0.0554614142 -0.0053247861 
0.0361141339 0.2080339342 0.1087393984 0.1663362384 0.1137092859 0.1139243320 -0.1316127926 0.1176125333 -0.1167805567 
0.0480645373 -0.0043975520 0.0449367836 0.2278290838 0.1500017941 0.0993099287 0.0434968658 -0.0854422674 0.0102047324 
-0.0059931567 0.0088905264 0.0886605084 -0.0234275181 -0.1251315176 0.0361520126 -0.0829516128 -0.1034815386 -0.0011638920 
-0.2240351140 0.1034798622 0.1064187959 0.0448116995 0.1499535441 0.0364291146 -0.0884493515 -0.0890244320 -0.1175619289 
matrix_stopped
in_layer_stopped
in_layer_started
matrix_started
0.1861561984 0.1160979867 0.1861450821 0.0453171693 0.1574719697 0.1295365691 0.1183532327 0.1149566025 -0.0381239876 
0.1390105188 0.2714530230 -0.0598196276 -0.0589203089 0.0387794152 0.0169270746 0.1777283102 0.2052028775 -0.0809377730 
-0.0447627120 0.1336797476 0.0203040224 -0.0668027028 -0.1094837338 0.1047638804 -0.0234135948 -0.0231779572 -0.1862989515 
-0.0350945778 -0.0501393899 -0.0748220161 -0.1012539268 -0.0996488258 -0.0709498823 -0.0433224030 -0.0565911531 0.0955991298 
-0.0213042703 -0.0231169984 0.0733893216 -0.0113483174 -0.1728419214 0.1046260521 0.1249196976 0.0444212183 -0.1555032134 
-0.0443920866 -0.0437111966 0.1435598284 0.0050772736 -0.0642037168 0.0161298346 -0.0597972535 -0.0155564947 0.1125495732 
-0.1231818050 0.0917681754 -0.0640159547 -0.0842526108 0.0632346123 -0.0666719377 0.0688955709 -0.0869763792 0.1022113785 
0.1195009202 0.0855098963 0.2143484801 0.1082237661 0.0264694560 0.0005066420 -0.0083266497 0.1337554902 0.1705038100 
0.1076834798 0.1354642510 0.1005103216 0.0068327608 0.0482627600 0.1403962523 0.0724545047 0.0672698691 0.2317924947 
matrix_stopped
in_layer_stopped
in_layer_started
matrix_started
0.1016702950 -0.1666328907 -0.0599188879 0.1106936261 -0.0669193491 -0.0821810663 -0.0258651935 -0.0840890482 0.1247065514 
-0.0544272028 -0.1407159120 0.1104907393 -0.0349721536 0.0044285343 -0.0508788750 0.0404045396 -0.0103879813 -0.1196966320 
-0.0198358707 -0.0591535158 -0.1056204215 -0.0883717462 -0.0481939241 -0.2095506340 -0.1116209850 -0.2020152062 -0.0851981118 
0.1945642680 0.0427871794 0.1334355175 -0.0713346675 -0.1397394240 0.0661520660 0.1119909436 -0.0179190692 0.1312538236 
0.0232359897 0.2398995012 -0.0548083596 -0.0881558210 0.0446206443 0.1449291259 0.0375014581 0.1293179244 0.0928373262 
0.0116057443 0.1719988137 0.0398340449 0.0067273257 -0.1252406090 -0.0869973302 -0.1044366881 0.1507796347 -0.0090841437 
0.0333849117 -0.0543262064 0.0900702178 -0.2470563799 0.1130841523 0.0450051315 -0.1734588295 0.0693249032 -0.0498689860 
0.0910085961 -0.0221266467 -0.0052458933 -0.1574237496 -0.0782929733 -0.1241906285 0.0370127000 -0.1150209084 -0.0182074178 
0.1570794433 0.2288558185 0.2163516283 0.0160778891 0.0836276934 0.0126853799 0.0115601718 0.1043545976 0.0223019458 
matrix_stopped
in_layer_stopped
in_layer_started
matrix_started
-0.1814976633 -0.1128653586 -0.1835125536 -0.0447238050 0.0417952798 -0.0941474959 -0.0170340817 0.0438645445 0.0614245646 
-0.0452834256 -0.1128361151 0.0040384191 -0.0826164335 0.0780576766 0.0758616701 0.0804121941 0.1647049338 -0.0681214333 
-0.1280542165 -0.0270645060 -0.0679616630 -0.0673479661 -0.0080713611 -0.0855704322 0.0313593857 0.0513882712 0.1519225836 
0.0215398110 0.0946758017 -0.0010357701 0.0317203291 0.0259788595 0.0091423905 0.1175890714 -0.0558450073 0.2287675291 
-0.1866162717 0.0194446016 0.0336945951 0.0765950829 0.0759358183 0.1469547451 0.1144472882 0.1567721069 0.0205990858 
-0.1165736020 -0.0707873628 -0.1081308573 0.1899115443 0.0212556962 0.2536157668 0.0224739742 0.0709354430 0.1339864284 
-0.0379938260 0.0918076113 0.0519018024 0.0532026775 0.1271808147 0.0952752456 -0.0356686041 0.1380972117 0.0244654454 
-0.0298923552 0.1264060885 -0.0461774878 0.1869874001 0.2561390996 0.1044846699 0.0331785306 0.0555015653 -0.1365305036 
0.0138620501 0.0121963341 -0.0913213193 0.1889156848 0.0471449420 0.1745482832 0.0561268963 -0.0244430397 -0.0892721564 
matrix_stopped
in_layer_stopped
in_layer_started
matrix_started
0.1584234387 0.0585741550 -0.1523395032 -0.1209980547 0.1235639602 0.1729733944 0.2467504591 -0.0589268319 0.1365886927 
0.1697275788 0.0398364551 -0.0193839613 0.0800266787 0.1635540724 -0.0697445050 0.0107851392 0.0097653186 -0.0370427668 
0.0900645852 0.0230864584 -0.2005933374 -0.0266873389 -0.0486279987 0.0729354769 0.1724520624 0.1005320996 0.0112077724 
-0.0291856844 -0.0222053342 -0.1241450161 0.0516025908 -0.0104754642 0.0920970365 0.0765182748 -0.0503750555 -0.0616402701 
-0.1127640381 -0.0038136626 0.1717365086 -0.1111158282 0.0827612430 -0.0120772151 0.1381851733 -0.0365127623 -0.1190992519 
0.1255868524 0.0639115572 -0.0247711167 -0.1446093917 -0.0360156633 -0.0324965864 -0.0050483937 -0.1000211090 0.0693919733 
-0.0823091194 0.1738554388 -0.0890236497 -0.0509535633 -0.1509489268 0.1230779141 -0.0999506339 -0.0304318722 -0.0807560533 
-0.1723546088 -0.2108986527 0.0548628196 -0.0224174671 -0.0331470966 0.0007653538 0.1734457910 -0.0340224691 -0.0398542471 
-0.0224251412 -0.2162906677 -0.0181627236 -0.2047551423 0.0629177690 0.0859154239 0.0211188942 -0.1243819073 -0.1291987002 
matrix_stopped
in_layer_stopped
in_layer_started
matrix_started
0.1644482017 -0.0837900490 0.1985176504 -0.0152153969 0.1855536550 0.0365258418 0.0503894500 -0.1187482327 -0.1036393270 
-0.0743031874 0.0312297530 -0.1967148483 -0.0449118540 0.0778489113 0.1114284545 -0.1047811136 -0.0889630169 0.1707599610 
0.0540410019 -0.1121423766 0.0161649343 -0.0587102659 0.0681014135 0.1832368374 0.1546527892 -0.2193496823 0.0100042196 
-0.2025204301 0.0260962453 -0.0046232939 -0.1029573902 -0.0009747929 0.0949210897 0.1383119076 -0.1112950370 -0.1557356715 
-0.0813224837 0.0803449228 -0.0324064270 0.0285747424 0.1412850320 0.0321606733 -0.0011924478 -0.1233587787 0.1351647079 
0.1252881140 -0.1392332166 -0.0562809296 -0.0595696121 -0.0089481464 0.0534649901 -0.0976356491 -0.0997337624 -0.0896884426 
0.0822911859 -0.1603277475 0.0189238694 0.0799196064 -0.1018757671 0.1030593812 -0.0473291278 -0.0781528652 -0.1874436885 
0.0628110468 -0.0897924677 -0.1361534297 0.0380116291 -0.0507971682 0.1830529869 0.0304779578 -0.0574505068 0.0097776037 
0.0466019697 0.0726624057 0.1161408350 0.0061996388 -0.0026151524 0.1374643296 -0.1002948508 -0.2103279531 0.0456892326 
matrix_stopped
in_layer_stopped
in_layer_started
matrix_started
0.0228637513 0.0012589124 0.0695012659 -0.0652111694 0.1295027882 0.0057581565 -0.2131991833 -0.0170828179 -0.0324760750 
-0.0212640837 -0.0628484040 0.0455062464 0.1787625253 -0.0627111867 0.0326860622 -0.0167106558 0.1092345417 0.0696093366 
0.0509070605 -0.0347244553 0.0455517024 0.0051696617 -0.0271463264 0.0241093747 -0.0756139979 0.0682739392 0.2064922303 
0.0109812748 -0.1108377874 -0.1646508425 -0.0799132213 -0.0428926051 -0.0077627301 -0.0527752377 -0.0906147286 -0.0678834319 
-0.0376980491 -0.2024815530 -0.1570452452 -0.0368995182 -0.1093370691 -0.0503177270 -0.1261669248 -0.1173431650 -0.1863988042 
-0.0763987526 -0.0250590108 -0.1745702028 0.0222627688 0.1745209545 0.0089379512 0.1217312962 0.2028712928 0.1148450300 
-0.1215855405 0.0624767505 0.0779429749 -0.0175070893 0.0489706360 -0.0417481363 -0.0047774548 0.0746571869 0.1134430468 
-0.0173267443 0.0704780668 0.0642529726 -0.1017966941 0.0344839506 0.0473282561 -0.0956651568 -0.0157020818 0.1369323283 
-0.0013078756 -0.0176623873 -0.0799747929 -0.0240047928 0.1420440376 0.1298504472 0.1326213032 0.1627921015 -0.0335647985 
matrix_stopped
in_layer_stopped
in_layer_started
matrix_started
-0.2321479172 -0.0561698377 0.0238637719 -0.0060948087 0.0074564195 -0.0075254492 0.0616418570 -0.0521435514 -0.1118673906 
-0.0797930360 -0.1235834956 -0.0195800085 0.1344841421 0.2058182955 0.0906729847 0.0832074583 0.0995649919 0.1157935187 
-0.0002687559 -0.0444112569 -0.0858769342 0.0020971191 -0.0988902375 0.0230004918 -0.1087097004 -0.0689935237 -0.0518616959 
-0.0144934542 -0.1813913137 -0.0379952453 0.0115081873 -0.0148100471 0.0884333700 0.1174547300 0.0635440126 -0.0247100387 
-0.0193756390 -0.0195479933 0.2326091975 0.1004126221 0.1625888348 0.1036973074 0.1532408148 -0.0370389260 0.0703446269 
0.0021547535 0.1349197179 0.1547531784 0.1430786699 0.0923157036 0.0400522500 -0.0551124774 0.2286567241 0.1762927920 
-0.1048081517 -0.1806618124 0.1004124731 0.1037686467 0.0821473598 0.0437065884 0.1961781681 0.1862289011 0.1107608378 
-0.0993994772 0.0536292903 -0.0645132512 0.0607778914 0.0306030251 -0.0787897557 0.0520140864 0.0111007700 0.0069022872 
-0.1734272689 0.0171443801 -0.1171831340 0.2220722884 0.0038348108 0.0117295971 0.1173872426 -0.0661141649 -0.0363638178 
matrix_stopped
in_layer_stopped
in_layer_started
matrix_started
-0.2171152532 -0.0790090114 -0.0286219101 -0.0794730559 0.0284492802 0.0481929258 0.0148996776 -0.1348107308 0.1649749726 
0.0015297083 0.0827936381 0.1358135194 -0.0227551647 -0.2254948914 -0.1070485190 -0.0230769850 -0.0131135350 0.0751544535 
-0.0948522985 -0.1185092255 0.0039218408 0.0840271115 -0.0215300694 -0.0893595815 -0.2439132929 -0.0824276432 0.0799234211 
0.1561834961 0.0446090586 0.0432649702 -0.0689008683 0.0139534837 -0.0297602750 0.0511703603 -0.0217559170 0.0670436695 
0.0514201075 0.0204533730 0.0353047960 -0.1560290158 -0.0415390842 -0.0507909097 0.0938569307 -0.1697874665 0.0986843333 
-0.0649370179 0.0756194666 0.0928159207 -0.0001727955 0.1174979210 0.0722549483 -0.0657002777 0.0240439866 -0.0422100648 
0.1920958757 0.0673739463 -0.0410972685 0.0810742155 0.0898819417 -0.0940279812 0.1633429080 0.1590798944 0.0005909557 
0.1877803057 -0.0665394291 0.0991745070 0.0596817769 -0.1126613915 0.1447262317 0.0852654502 0.1765708625 0.0139727257 
-0.0831771567 -0.0220603012 -0.0105777569 0.0628203750 0.0076899524 0.0542749204 -0.0469515063 -0.1221937612 -0.0620510019 
matrix_stopped
in_layer_stopped
in_layer_started
matrix_started
0.0324397348 -0.2115734816 -0.1294711679 -0.1657360941 -0.1101341546 -0.1257893443 -0.0484410822 -0.1545117348 -0.1134006754 
-0.1034859568 -0.1452629268 0.0097255437 -0.0552972332 0.0829979777 0.0431476645 0.1748806983 -0.0646985397 0.0560624562 
-0.0860998258 0.0733703077 -0.2458011210 -0.0628141463 0.1151599064 -0.0308214054 0.0936381891 0.0819583535 0.0928281546 
0.0670186654 -0.1257892698 -0.1144504696 -0.1678071022 -0.0344096161 -0.0623184741 -0.0607718304 0.0065424554 -0.1124704033 
-0.1719314158 0.1472507715 -0.0085526742 -0.0362716466 0.0894045383 0.1175260767 0.0527093299 -0.1041804627 0.0523578823 
-0.0942447782 0.0848171487 -0.1060277820 0.0306354612 -0.0137738697 0.0013348995 -0.0396407507 0.0491387397 0.0897642970 
-0.0868589580 0.0431953706 0.0998506770 0.1036555320 -0.0231607519 0.0173011180 -0.0368108153 0.1265981048 -0.0744050965 
-0.0305951517 0.0564809032 0.0344511643 0.1986498833 -0.1324194372 0.0381622836 -0.0034275954 0.0531324334 -0.0134836622 
0.1858244687 0.0974564701 0.2038838118 0.0187391900 -0.0810184181 -0.1036126390 -0.0000722725 0.0505740047 0.0680740550 
matrix_stopped
in_layer_stopped
in_layer_started
matrix_started
-0.0939259529 -0.2539765239 0.0389777645 -0.1403759271 -0.0223908909 -0.1345757395 -0.0286554042 -0.0878357440 -0.1790158153 
-0.0535476208 -0.0044203177 -0.1036065891 -0.0049715037 -0.0148489941 -0.0132774226 -0.0231658481 -0.0783961490 -0.0055411151 
0.1343822926 0.1304548830 0.0641697198 0.1679646224 0.1246387884 0.1099306047 0.2340666354 0.1283177733 0.1720965207 
0.2134881020 0.0090860492 0.1645462662 0.1044448465 0.0392423309 0.2418604493 0.0706823543 0.0835178420 0.1252673119 
-0.0615459979 -0.0005006102 0.0613676496 -0.0780649558 -0.0721391141 -0.0333526134 0.0357432179 -0.0307408832 -0.0516047888 
-0.0003719394 -0.2055436522 0.0249303132 -0.0528927483 -0.0955627710 -0.0873678178 -0.0943493769 -0.0990015939 -0.1727830768 
-0.0873300359 -0.1052711084 0.1108354628 -0.0160750560 -0.0508859828 -0.1037525237 0.0941423774 -0.0616126321 -0.1258626580 
-0.0856070518 0.0162836816 0.0190620795 0.0022225711 0.0345522426 -0.0154626695 0.1369246095 -0.1343243420 0.0486595221 
-0.0782979950 -0.1413442791 0.1166500375 -0.1593031436 0.0307834186 0.0951597616 -0.0157591105 0.0791549310 -0.0788472220 
matrix_stopped
in_layer_stopped
in_layer_started
matrix_started
-0.0628940836 0.1338120103 0.0336040258 -0.0411813818 -0.2028024644 -0.1921832860 0.0571933985 -0.0540573783 -0.0345317274 
0.1115172207 -0.0108396662 0.0200319905 -0.0634833202 -0.2142987251 -0.1320795119 -0.0433070473 -0.1541277319 0.1489204466 
-0.0667994916 -0.1839032471 0.0152399829 -0.0677980781 -0.0030849718 -0.0478829518 -0.1400911957 0.0284249671 0.1243331134 
0.0773622617 -0.1478906125 -0.0252556503 -0.0864916444 -0.0025019383 -0.0167137273 0.0288531985 -0.0321624838 -0.0257514324 
-0.0628054962 0.0097001959 -0.1920830756 -0.0495806411 0.1451321244 -0.1022475660 -0.1179300845 -0.0467316546 0.0245340727 
-0.0441117808 0.1151648760 0.1033337563 0.0075783799 -0.1211895347 0.0987277627 0.0620701723 0.0460604504 -0.0580383427 
0.0107468087 -0.0917371139 0.1729843318 0.1493043453 0.0223917849 0.2066544294 0.1551495194 0.0302627478 0.1452362239 
-0.0634241998 -0.0409646444 0.0771581456 0.0955624804 0.0719023645 0.0244636945 0.1413355768 0.0954335928 0.0395849235 
-0.0918868557 -0.0422066972 -0.0883824229 -0.1346571147 0.1245377362 -0.1198629364 -0.0447839275 0.0023803972 0.0000520383 
matrix_stopped
in_layer_stopped
in_layer_started
matrix_started
0.1221312806 -0.0756639689 -0.0616176799 -0.1898994893 -0.0220136996 -0.0499376990 -0.0272873379 -0.1104095727 -0.1068774164 
0.0289369561 -0.0335352570 -0.0311889052 0.0532302372 0.0103405425 -0.1270758659 -0.0845460072 0.2055497468 0.0964825898 
0.0600624979 0.0829164386 -0.1078443974 -0.0278239716 -0.1168289781 -0.0454743542 -0.0023856091 0.0968544409 0.0044833147 
-0.0075340816 -0.1477000862 0.0047203088 -0.0078149764 0.0193362534 -0.0255688932 0.1468761116 0.0851203129 -0.0189983416 
0.0669934973 0.0049773892 0.0098286215 -0.0068496936 -0.0698318407 -0.1767507195 -0.0954615697 0.1232567579 0.0666773915 
0.0717894137 0.0360573828 0.0214363076 0.0837399438 -0.0721190423 -0.0447792672 -0.0372670405 0.0606600568 -0.0819092169 
0.0234082434 0.0301296525 0.1682268530 0.0029484252 -0.0447299033 0.0162836220 0.1747792512 -0.0085870018 -0.0405264087 
0.0991304517 0.0307952911 -0.0188620947 -0.1295538694 -0.2300124764 -0.0516068079 0.1636080444 0.1500172764 0.1101874113 
-0.1317351609 0.1963199228 0.1088943779 0.0132914251 -0.1849623024 -0.1102908477 0.0379471742 0.0330244787 0.1486513466 
matrix_stopped
in_layer_stopped
in_layer_started
matrix_started
0.0655398667 0.0255579073 0.0735870749 0.0697022453 0.0778897554 -0.1034719348 -0.1072774380 -0.0819303021 -0.1822923720 
-0.0287694503 -0.0758216083 0.0482518785 0.0065137576 -0.0307895988 0.1646307707 -0.0536309183 -0.1119388789 -0.0243144147 
-0.1207740381 -0.0108450446 -0.0063672974 -0.0122210905 0.0281876102 -0.2001187950 -0.0372748710 -0.0977033079 -0.1525096446 
-0.0233642962 0.0248136949 -0.0397937894 -0.0067471922 -0.1779655218 -0.0687711686 -0.0338835530 -0.2006586343 0.0584218837 
0.1128338724 -0.0656052232 -0.0718313679 -0.1441412717 0.0544215329 -0.2009289861 -0.0171234347 0.0007623875 -0.0332423039 
-0.0050387946 0.0156220207 -0.0147808325 0.0658274889 -0.0631049573 0.1885602176 -0.0348080397 0.0498373955 -0.1320600808 
-0.1124828011 0.0791516975 0.1713699400 0.1745729595 -0.1566006541 0.1336691231 -0.0284923688 0.1896405071 0.0721144676 
-0.0986206979 0.0111556584 0.0446260273 0.0719292164 0.1604077071 -0.0782575011 -0.1525439918 -0.0256311148 -0.1661770195 
0.0193004515 0.1714662015 0.0737354159 0.1476911157 -0.0006681962 0.0322350115 -0.0019200009 0.1606588066 0.0724566057 
matrix_stopped
in_layer_stopped
in_layer_started
matrix_started
-0.0839474872 -0.1007140577 0.0712921768 -0.0373060219 -0.0074462029 0.0472024679 0.1418965161 0.1289194226 0.1417563260 
-0.1128024384 -0.1704162210 -0.0854893103 -0.0152020333 -0.1184605509 -0.1287774891 0.0057742978 -0.1043590009 -0.1427867711 
-0.0154256877 0.1168899089 -0.0532780364 -0.0183509756 0.0514900498 -0.1636236757 -0.0448660143 0.0782321319 -0.0473653302 
-0.1218101010 -0.0499145091 -0.0677724630 0.0011805689 0.0451610051 -0.0350297317 -0.0150616420 -0.0771827027 -0.1181853786 
-0.0281931292 0.0952333510 -0.0414977819 0.1022129208 0.1767620742 0.0569779240 0.1764529645 0.1432881206 0.1248065084 
0.0529709384 -0.0462177470 -0.0040924605 -0.0060705338 -0.1092757806 -0.0531046689 0.0011620901 -0.0842420310 -0.0121112997 
0.0592470542 0.1511719227 -0.0621396564 0.0132004861 -0.0737598240 -0.0369546376 0.0822020695 0.0609447733 -0.0622716621 
0.1332334280 -0.0223014839 0.0432455018 -0.0411992967 0.1732544303 0.0478630960 0.0898125097 0.0981161743 0.1559837610 
0.0661667883 0.0597067028 0.0982338935 0.0354811586 -0.0045475215 0.0248705316 0.1178998575 0.0863802955 0.1746633649 
matrix_stopped
in_layer_stopped
in_layer_started
matrix_started
0.2233097702 0.0552539043 0.0519045144 0.0663039014 0.2487897724 0.0404171795 -0.0276763737 -0.0601405762 0.2318753302 
0.1474410892 0.0813895836 0.0283554103 0.0950385258 0.2016974986 0.0270911995 0.0103327716 0.0192169547 -0.0240342207 
0.2065940648 0.0175300371 0.0165360123 0.0987662673 0.1971271634 -0.0568404160 -0.1991932541 -0.1376259923 -0.1194149032 
-0.0151400343 0.1876004189 0.0963943601 0.0197264459 0.1511515528 -0.0586399101 -0.1100880802 -0.2544763386 0.0698702708 
0.2255094200 0.1618955880 0.0931253359 0.0588898808 0.1451540738 0.1547766179 -0.0739566013 -0.0454889014 -0.1693288982 
0.2006619126 0.0375967808 -0.0506725460 0.0718239173 0.1134089604 -0.1117665470 -0.1141787991 -0.1686673760 0.0099816015 
0.1973799020 0.0790694654 -0.0530864149 0.0430234745 -0.0491625033 0.1280365288 -0.2163805366 -0.1729421765 0.0842358395 
0.1866802275 -0.1171615124 0.1351899803 0.1497702301 0.1202261671 0.1163640171 -0.1138379648 -0.1375437677 -0.1085501760 
0.0970436409 0.1592534781 -0.0726517215 0.0897687599 0.0831553191 0.0569224060 -0.1874321848 -0.1671658605 -0.0384069867 
matrix_stopped
in_layer_stopped
in_layer_started
matrix_started
-0.0565003343 -0.1615188271 -0.1006487682 0.0575668029 0.1323654801 -0.0394934900 0.0989344344 0.0320247933 -0.1499321163 
-0.1304415017 -0.0534184985 -0.0172061566 -0.0748794153 -0.1875606775 0.0017935887 0.0181486029 0.1593604237 0.1954889596 
0.1499826759 0.1592862159 -0.0399623029 -0.0592835844 0.0055503231 0.0487470999 -0.1011298895 -0.0843164027 0.0495867841 
0.0995946676 0.0488383807 0.0969936922 0.0396885835 -0.0147268297 -0.0469224527 -0.1807270646 -0.1783185452 -0.0491801165 
0.0475868359 0.1029604301 0.0101344679 -0.0797997117 -0.0821478218 -0.0216836985 0.0099912295 -0.2057405114 0.0678212792 
-0.0138837341 0.0931734219 0.0042079659 -0.0741572157 0.0239689704 0.1068228707 0.1128529161 -0.0441688523 -0.1879851222 
-0.1436163485 -0.1408548504 0.0682167783 0.0348641202 0.1361092776 -0.0418707505 0.0123529900 0.0362506546 0.0521693639 
0.1201805770 -0.1137691662 -0.1025343910 0.0973747373 0.0908040553 -0.0005875867 -0.1896461099 0.1175339893 0.0159128252 
0.0746919140 -0.0926903188 -0.0829739049 0.1323873401 0.2008282840 -0.0799582899 -0.0034665202 0.0826649517 -0.0278014783 
matrix_stopped
in_layer_stopped
in_layer_started
matrix_started
0.0258215126 0.0656772852 0.0617845841 -0.1147764623 -0.0394379385 -0.0525598824 -0.0206912048 0.0082900114 -0.1139353886 
-0.1803449988 0.1910883635 0.0411894061 0.1927300096 -0.0628811568 -0.0230880138 -0.0490654893 -0.0885863602 0.0791869313 
-0.2244660854 -0.0340220891 0.0262885205 0.2336297333 -0.0646124780 -0.0769743472 0.0025033893 -0.0002892104 0.0119504072 
-0.2048198283 0.0518807694 -0.1331081092 -0.0099406280 -0.1435421258 -0.2505489588 -0.0510007590 0.0233266875 0.0031085268 
-0.0868586525 0.0282737017 -0.0214343686 -0.0051450431 -0.0998072922 -0.0110563319 0.0459371880 0.0617973171 -0.0731495842 
0.0898668692 0.0119254831 0.2644803226 0.2147347927 0.0268350728 0.0594826043 0.0694334209 0.1840152889 0.2318286002 
0.1829497069 0.1732194275 0.2277493924 0.2290780097 -0.0469521880 0.0939070806 0.1106255874 -0.0953618959 0.0688457638 
-0.2059572488 -0.0226285961 -0.0270496961 -0.0459358543 0.0053373799 -0.0533092022 -0.1110097393 -0.2146028280 0.0601219349 
-0.0706646666 -0.0293152761 0.0564811826 -0.1547769904 -0.1624567807 0.0833220407 -0.0203172639 -0.1319236457 -0.0234506484 
matrix_stopped
in_layer_stopped
in_layer_started
matrix_started
-0.1172579750 -0.0854471624 0.0491405502 0.1744629592 0.1083465740 0.0132132266 -0.1836079657 0.0684522390 0.1609795243 
0.0998128504 -0.0885711834 0.1758816838 0.1917338371 0.1714339107 -0.1437552869 -0.0165978465 0.0150064817 -0.0093062259 
-0.1648936570 -0.2880855501 0.1144707873 -0.0349376500 -0.1200972274 -0.1338934302 -0.0260868520 0.0393437669 0.1021572649 
-0.2136102021 -0.0977529585 -0.0411118455 0.1938256919 -0.0385847278 -0.0735953674 -0.2187257856 0.1347132474 0.1891391426 
0.0022696236 0.0308118407 0.0132645816 0.1121061817 0.0249874387 -0.2164375186 -0.1026784778 0.0194514431 -0.0042342525 
-0.0050327973 0.0286456328 0.0201454964 0.2793481946 0.1516236365 -0.1120822206 -0.1303854436 0.0729631260 0.2242766619 
-0.0379126333 -0.0524710901 -0.0785044879 0.1699476093 -0.0843798593 0.0883662105 -0.0658800155 0.0427412279 -0.0616178066 
-0.0277494602 0.0313034840 0.0436230190 0.0476401336 -0.0561360233 -0.1329303086 -0.0795457587 0.1008196771 0.1762497127 
0.0234833453 0.0599632002 0.0167739820 0.0974299014 0.0304220635 -0.0767702982 -0.0679461583 -0.0201343708 0.1825653911 
matrix_stopped
in_layer_stopped
in_layer_started
matrix_started
-0.1613188684 -0.1125295460 0.1338518262 0.1537419409 0.0763569698 0.1161534041 -0.0292777792 0.0312756039 0.2004445046 
-0.1822452694 0.0496937931 -0.0386438295 -0.1422771960 0.1448164731 -0.0059025772 0.0701530278 -0.0782642961 -0.1588950604 
0.1773128361 -0.0885150507 -0.1090392917 -0.1542750746 -0.0971464813 -0.0680825710 0.0069700056 -0.1208526939 0.0561424308 
0.1028561592 -0.0254924670 0.0823604092 0.0381873511 -0.0190390293 -0.0356006585 0.0447866879 -0.0118975155 0.0063579525 
-0.0240808707 0.0660148934 0.0177309550 -0.1498256475 0.0820688605 0.0235814173 -0.0156836044 0.0846249983 -0.0099820597 
-0.0650278777 0.0188541114 -0.1131252050 -0.2351951599 -0.0233191643 0.1305665821 0.0760788769 0.0804038942 0.0851925761 
0.1594182104 0.0172142871 -0.0756511092 -0.0043657850 0.0360032022 -0.1236851066 -0.1279232651 -0.1602890342 0.0139233284 
0.1702039391 0.0956247672 0.0715659037 -0.0590039529 -0.1661133021 -0.1011948511 0.0224178918 0.0968002975 0.0105651673 
0.1372909248 0.0100839371 0.1692196429 -0.0094213719 -0.0930528939 0.1927487850 -0.1368590593 0.0874059424 -0.2368256897 
matrix_stopped
in_layer_stopped
in_layer_started
matrix_started
-0.2198347300 -0.1357994229 0.0785994530 -0.1379665881 -0.0465645865 0.0752838552 0.1559118330 0.0424608104 0.0094610993 
-0.2202875912 -0.0875882283 -0.2174340487 -0.0254758243 -0.0842480510 -0.1080081090 -0.0324428082 -0.0806194544 -0.0268009119 
0.1214325950 0.0773247853 -0.1848452240 0.0350313634 -0.0113406116 -0.0315873511 -0.0791292489 0.0549454577 0.0915305242 
0.0910049230 0.0632807314 0.0737402663 -0.0516566969 -0.2020605356 0.0698919073 0.0971143395 -0.0109851360 0.0388579927 
0.0620325841 0.0931949914 0.2133533508 0.0825460553 -0.0506959483 -0.1033261418 -0.0387335829 -0.0453295931 0.0896208361 
-0.0532653704 0.0764018670 -0.0906679258 -0.0243746266 -0.0789719447 -0.1741784811 0.0239629187 0.0152827613 -0.0798388273 
0.1025714353 0.0497982092 -0.0493948385 -0.1434918344 -0.0181640331 0.0152351325 -0.1627897322 -0.1111821383 -0.0677075759 
0.2330425978 -0.0603332929 0.1311502457 0.0023899698 0.1134335399 -0.0809302926 -0.1408859640 0.1172619537 -0.1019077897 
0.1500946730 -0.1065213084 0.1315638572 0.0542638749 0.0290185716 -0.0967908204 -0.1341446638 -0.2225112915 -0.0883189440 
matrix_stopped
in_layer_stopped
in_layer_started
matrix_started
0.0061504529 0.0469211563 -0.0584352724 0.0546021424 -0.0763375908 -0.1200942248 -0.0190285910 -0.1032040343 -0.0577693172 
0.1511820406 0.1179590672 0.0968906581 0.0957157314 -0.1414378881 0.0344377495 0.0679051429 0.0725113675 0.1976689249 
0.1085027903 0.0171213783 0.1269761771 -0.0669621378 0.1135214493 0.1157802045 0.1959422082 0.0184236113 0.0953638107 
-0.1321411580 -0.0191885792 0.0396431461 -0.0306718424 0.0614341944 0.0930659622 0.1137326211 0.0475803092 -0.0853530020 
-0.1762207001 -0.0895054713 -0.0455121957 -0.0944682211 0.1738529354 -0.0792149305 -0.0118439728 -0.0513514876 -0.1047179699 
-0.1400295347 -0.0571911819 0.0994849205 -0.0486828126 0.0854761675 -0.0160081424 -0.0789127573 -0.0192201529 -0.1577956080 
-0.1182713211 -0.0639666542 -0.0109607503 0.0363719203 0.0816504434 0.0017156890 0.0099532064 -0.0427420661 -0.0533325970 
-0.1387459487 0.1272365749 0.1315228045 -0.1208101511 0.0125929117 -0.1825468242 0.0667601824 -0.0747903809 -0.1015019119 
0.0225794408 0.1257145852 0.0642103180 -0.0243130345 -0.0458912142 0.1339319646 -0.0482640304 -0.0067381561 -0.1484491527 
matrix_stopped
in_layer_stopped
in_layer_started
matrix_started
-0.0500267632 -0.1363676190 0.1336869299 -0.0764904916 -0.0893349722 -0.1289148033 0.1026222929 -0.1327134222 -0.1220008731 
-0.1191459671 -0.0450185910 0.1835713387 0.0578140318 -0.1923666894 0.1844636351 0.1226960942 -0.0560048223 -0.1252979636 
-0.0610169694 0.0150379380 0.0227310751 0.0031218205 0.0482111908 -0.1337125301 0.0321487114 0.0637968257 0.0454849117 
0.0343740061 0.0915898383 -0.2047522217 -0.0388027355 0.0519370362 -0.0147523945 -0.0197440032 0.2162941843 -0.0815933272 
-0.0144310920 -0.0024678111 -0.0935232341 0.0865755677 -0.0549301729 -0.1994398385 -0.0620520562 -0.0798669755 0.1040009186 
0.0408262350 0.0861234441 -0.1522280723 -0.0734879598 0.2019272000 -0.0670922697 0.1448393166 -0.1813525259 0.0659965649 
-0.0111774346 0.1034385860 0.0868388638 -0.1493899375 0.0742171705 0.0699960813 -0.1714397818 -0.0581330881 -0.0452534445 
0.0923306495 -0.0315868258 -0.1405593008 0.0572862327 -0.1523427218 -0.0984475389 0.0417493358 -0.0512739383 0.2028253973 
0.1069768220 0.0984412655 0.0162028465 -0.1265119910 0.1324152648 -0.1021455303 -0.0805109963 -0.1295261532 -0.0827690437 
matrix_stopped
in_layer_stopped
in_layer_started
matrix_started
-0.1703766286 -0.1551306546 0.0215220675 -0.1864536703 0.0852088332 -0.0647546723 0.0276582967 0.0947494358 -0.0132656200 
0.1468941569 -0.0353831537 0.0068609961 0.1817834377 -0.1005303264 0.0726158395 -0.0879931599 0.0430579931 -0.1046009213 
0.0015574251 -0.0038835709 -0.0734569728 0.0480034910 0.1101844087 0.1031267792 0.1194673255 0.1014185473 0.1182052866 
0.0867308155 0.0325935781 0.0105465595 0.1356260777 0.0147463959 0.0176900793 0.1205207556 0.1207111850 -0.0114303445 
-0.1636512429 -0.1471998543 -0.1186859533 -0.2231801748 0.1019042283 -0.0872492045 0.0500848219 -0.1409696043 -0.0692024305 
-0.0564484373 0.0454625189 0.0584077574 -0.1252095103 -0.1388372034 -0.1750473529 0.0152505469 -0.1285636276 -0.1274456382 
-0.1451255977 0.0482112244 -0.0564412810 -0.0081273224 -0.0081459405 -0.0502415635 -0.2384184152 -0.0669314563 -0.0914729387 
0.0357584059 0.0184883866 0.0638385788 0.0672948360 0.1279807240 0.0872453600 0.1681379974 -0.0586407259 0.1988167316 
0.2038998008 0.1301952749 0.1889063269 0.0610936396 0.0845064297 -0.0315004475 0.0646279082 0.1413850337 0.0521892160 
matrix_stopped
in_layer_stopped
in_layer_started
matrix_started
0.0667761117 0.0086940378 -0.0487708375 -0.0757097602 0.0722384453 -0.1782590896 0.0860141292 -0.1431449205 -0.0154899051 
-0.0928302258 -0.0432674289 -0.0302562211 -0.2319648266 -0.0150633976 0.0577506423 0.1939757615 0.0678130686 0.0778842568 
-0.0420217924 0.0518268272 0.0759246871 -0.1366933286 0.0545611978 0.0793573484 0.1359169930 -0.1502993852 -0.1820333302 
-0.0460005403 -0.0025101169 -0.0297210570 0.0025224031 -0.1614863575 0.0581040457 -0.1070903093 -0.0179038160 0.0954736322 
0.0829958767 0.0968157500 0.0803864524 -0.1949578524 -0.1115948036 -0.0138220591 0.1344473213 -0.0008094013 -0.0367330387 
0.1123615876 -0.1084492728 -0.1620491445 -0.0049370532 -0.1193980575 0.0677436292 0.1397573799 0.0260059610 0.0342331007 
0.0445859879 0.0166207775 0.0801159889 0.0781479105 0.0056696329 0.1090938747 0.1130480543 0.2090078294 0.1085911393 
0.1446542740 0.0988571718 -0.1309522539 -0.0835943893 0.0337135904 0.0857448429 0.1623284519 0.0996977761 0.0010432521 
0.1908961982 0.1428524703 0.1407393068 0.0381595641 -0.1322815120 0.2058695704 0.0909212232 -0.0104824575 0.0204565860 
matrix_stopped
in_layer_stopped
in_layer_started
matrix_started
-0.0590533987 -0.0986758992 0.0168781653 0.0199956838 0.1041367427 -0.0014511517 0.0728792399 -0.0775508285 0.1269503683 
-0.0721917227 -0.0681987554 -0.0596626364 -0.0170976724 -0.1139386296 -0.0211373158 0.1295908093 -0.0264620930 0.0564401038 
-0.1331364065 -0.1548092812 -0.0518885404 -0.1343866438 0.0833194852 0.0457693562 0.1522406042 -0.0216143988 -0.0391842239 
0.0552037098 -0.0056512905 -0.1749081910 -0.0040118629 -0.1238054559 0.1158818752 0.0836381093 0.2079530358 -0.0202185269 
-0.1337634474 -0.0964585915 -0.0283103548 -0.0970837846 0.1512958258 0.0172355454 -0.0563870259 0.0190408062 0.0564684980 
0.0266202111 -0.0332572386 0.0864757150 0.0778618157 0.0041920352 -0.0031678311 -0.1083067209 0.1837414652 -0.0461443327 
0.1700814664 0.1065619662 0.1059504375 -0.0027333901 -0.0286768638 -0.0643860549 -0.0538836345 0.0032729486 -0.1259714514 
0.1699463427 0.2178322524 0.0812758356 0.0998339504 0.0385937244 -0.0517114848 -0.1024707183 -0.1794809997 0.0846716240 
-0.0289548319 -0.1229705364 -0.0066421577 0.0618077964 0.0003547898 -0.0284149479 -0.2460890710 -0.0337064862 0.1251690686 
matrix_stopped
in_layer_stopped
in_layer_started
matrix_started
-0.1117061973 -0.0328700095 -0.1962339729 0.1060693562 0.2163757831 0.1672283113 -0.0362175629 -0.1562522352 0.1680397689 
0.0214028861 -0.1286745369 -0.0455317236 0.0223715436 0.1431949884 0.0278846100 -0.1621185988 -0.0275560785 0.0599667765 
-0.0720741600 -0.1871283948 -0.1365336925 -0.0058726738 0.1172357351 0.0846333206 -0.0653571710 0.0576390326 0.0130008664 
0.0734985322 -0.0963829309 -0.0193029661 0.1469006091 0.1934099197 0.1304933131 -0.1503992826 -0.0940380320 0.0272289533 
-0.0645473450 -0.0918625370 -0.0664651394 0.0728229731 0.0738615915 0.0900378600 -0.1658663005 0.0267177187 -0.0041377759 
0.0064719724 -0.0654187351 -0.0271499027 0.0065573184 0.1744234264 0.1261127889 -0.1371976137 -0.0751752332 0.1532080323 
0.1001164168 -0.1854156256 -0.1304599792 -0.0744361728 0.2675727606 0.0215721000 -0.2294994742 -0.0998388603 0.0986629725 
0.0930705965 -0.0871719867 -0.0551980324 -0.0463989861 0.0488318503 -0.0097665349 -0.0762413591 0.0932147577 -0.0985843837 
0.0336168073 -0.1170846373 0.0088304682 0.2304290533 0.2371367663 0.0485003628 -0.1489804089 -0.0365156904 -0.0050745551 
matrix_stopped
in_layer_stopped
in_layer_started
matrix_started
-0.1728739589 0.0605864599 -0.1041229516 -0.0818743482 -0.0941776931 -0.0159918964 -0.0540306270 0.1648497880 0.1770901829 
-0.0164993722 -0.1230411977 -0.0583764613 -0.0990839899 -0.0659764484 0.0131225884 0.0106316786 0.2130063921 0.1713714749 
0.1115830615 -0.1827777475 -0.2601357996 -0.0175382569 0.1705869883 0.0245153233 0.2079429179 0.1101662368 0.1162585914 
-0.2095778584 -0.1507581770 0.0699736848 0.0442750752 0.1480224133 0.0169942975 0.0334521718 0.1858555526 0.1005615368 
-0.0002655080 -0.0183446612 0.1353880912 -0.0767590180 0.0522222109 0.0160419792 0.0404717773 0.0874724239 0.1180449650 
-0.1548746675 -0.1472014934 0.0504299849 0.0968487412 0.1296929568 0.2282573283 -0.0122860530 0.0247843470 0.1345265359 
-0.2312687039 -0.1179427132 -0.0477962233 0.1402557492 0.0632319599 0.0285184421 0.1305111945 0.0644003823 0.0096076494 
0.0015904247 -0.1205156744 -0.0667130351 -0.0634022504 0.0783344582 0.0429213420 -0.0710602105 -0.0234755389 0.0443141721 
-0.1833518296 -0.0847749710 -0.0825526938 -0.1422516257 0.1729547977 -0.0554808341 0.0371255986 0.1119568571 -0.0052906685 
matrix_stopped
in_layer_stopped
kernel_stopped
