-0.0075942613 0.1519939899 -0.2483898252 0.3291852176 -0.1902450025 -0.1413837522 0.1523303837 0.0545917787 0.0074890400 0.1871110648 -0.0315306596 0.0889533386 -0.1124050692 -0.0446678288 
-0.1960917860 -0.1615455598 0.3219658434 0.2109833658 0.2268335819 -0.1629173011 0.0268422570 0.0011884077 0.2033624202 -0.0326852128 0.3037512004 -0.3380887508 -0.2022920400 0.1509954333 
-0.1659341902 0.1501697302 -0.0195130743 -0.0493825451 0.1312154680 -0.3567415476 -0.2570508718 0.1216819733 -0.0598608293 0.1096219569 -0.2942154706 0.1284459531 0.2069333345 -0.2590749562 
-0.1684587151 -0.1678094417 0.3396854997 0.1941093355 0.1693831980 0.0794616938 -0.3438031077 0.0624138266 0.1774442941 0.2348390669 -0.2790701985 -0.0437782072 -0.0334750786 -0.1235128567 
0.2180114090 -0.2308065444 -0.1301565915 -0.2356563658 -0.1589801013 -0.2080669552 -0.1042549610 0.3160860837 0.1732386649 0.2225846648 0.1622046232 0.0721721798 0.1097678095 -0.1627095193 
-0.0469745584 0.1743992567 0.1539797634 0.1621831656 0.1243007556 0.0979244113 -0.2437519282 0.0510693751 -0.0353693366 -0.0533796474 0.0613226555 -0.1751042157 -0.1144823730 -0.0804427937 
0.1291236877 -0.1761572212 0.0561715402 0.0169774778 0.0243934337 0.1396557689 0.1628546715 -0.1576914489 0.0522664972 0.0394458696 0.0922821909 -0.1198895201 0.0087893633 0.1869123131 
0.2960174680 -0.0376611613 -0.1988031417 -0.0333185270 -0.3081034124 -0.2045001537 -0.1770234704 0.1393584758 0.2081863880 0.1313938051 -0.0008776676 0.2811929584 -0.0527554601 -0.2061416507 
0.0204788912 0.0601446852 0.2089278102 0.0229532570 0.0928429887 -0.1082089543 0.1303277314 0.1196887046 -0.1903571039 -0.0211035721 0.2555720210 0.0673080683 -0.0372718945 0.0549421087 
-0.1802915633 -0.0602242388 0.2246702015 0.0518442281 -0.2518141270 -0.1542236805 0.1039630398 -0.2546419799 -0.2428068817 0.1673126668 0.2731167674 -0.2438278496 0.2934150100 0.1550312787 
0.0803912431 -0.2745253146 0.1292557269 -0.0081722196 -0.1957781613 0.1478904933 0.0377846509 0.1117925569 -0.1991052777 0.0154846879 0.2435576618 -0.1899624169 0.0997111127 0.0765373483 
0.0767872036 -0.0412542149 0.0207648315 -0.1124240980 -0.1942133158 -0.3100997210 -0.1344273537 0.3131016493 -0.1279976666 -0.1826698929 0.3421339691 0.3423153162 0.0039168764 0.1532711536 
0.2052614838 -0.0244401172 0.1828528792 0.1179079637 -0.0080710575 0.0607238226 -0.0166089348 -0.0489716306 -0.1121112928 0.1328485608 -0.0952224061 -0.0463159047 -0.0086363535 0.1079639643 
-0.2557273507 -0.1726500690 -0.3101414740 0.0517073125 0.2243673503 -0.0043596132 -0.1291836053 0.2814339995 0.0347560681 0.1134404317 0.2240843624 0.1864390075 -0.1326418072 -0.1992418021 
-0.0699534267 0.0855033398 0.1956972778 -0.1747390926 -0.0049820817 0.1032827795 -0.2154293656 0.0530156270 -0.1383372843 0.1535943449 -0.1763299704 0.1605554074 0.1384466588 0.1569422334 
-0.1460173875 0.2051429749 0.2479573488 0.2914982140 -0.0493088178 0.2308019251 -0.3039613962 -0.1469820440 -0.3220263124 -0.2181140929 -0.1468252540 0.1951199025 0.0857445374 -0.0092946012 
-0.0571592152 -0.0713500306 0.1506165862 0.0594536103 -0.0156322829 0.0558203571 -0.0284662340 0.0758499652 0.0494195633 0.0332975276 0.1308883131 0.0180012584 0.0346883312 -0.0790865645 
0.0306994859 0.0237564724 0.0937175006 -0.1071656942 -0.1049396843 -0.3263293207 0.0650660247 -0.1880691797 0.2881121635 0.1117825285 0.1494182348 -0.1118560731 -0.0189904738 -0.2214970142 
0.2693513632 -0.1439529359 -0.3985649347 0.1642564684 -0.2536853552 0.1025900468 0.1130999774 -0.1082328483 0.2813190520 0.0597686730 0.2924924493 -0.1520727426 -0.1179671586 -0.2441504151 
-0.2483199984 -0.3367675841 0.2197302580 0.1073038056 -0.3599357009 -0.2352947444 0.2793265283 -0.0730216652 0.0776346847 0.1423899531 0.2568275034 0.1757037789 0.2111454606 -0.3809265196 
0.3364950418 -0.1971777081 -0.1359338462 -0.1508071572 -0.1919683516 0.0086027225 -0.1685011983 -0.0011351964 -0.0672133490 -0.2151225060 0.3671776354 -0.2447555065 0.2177209109 0.3527000248 
0.3062759936 -0.0900983736 -0.2399542183 0.0067524984 0.2096857578 -0.1630273759 0.3332431018 -0.1168493330 0.1287628114 0.2734581828 -0.0478484556 0.2917495966 -0.2408754081 -0.0447872579 
-0.1032986641 0.2218358219 0.2536630034 0.0622212477 0.1841479093 -0.1502215415 -0.2003200054 -0.0893166363 0.0261093061 0.3570680320 -0.1138116196 -0.1217685640 0.2212688178 -0.1470855325 
-0.3311772346 0.2777825296 0.1413514167 -0.3540149927 0.0815950111 -0.3260696828 -0.1081606820 -0.2029125988 0.1263604462 -0.0311528035 -0.0626758486 0.2797570229 0.1312186122 0.1861559004 
-0.0465913601 -0.1656036824 0.1348786503 -0.0551428497 0.1536614150 0.2024663836 0.0964630321 0.0663800240 -0.1274687648 -0.1365153491 -0.0290246345 0.2393702567 0.2512466609 -0.0016355888 
0.1166683063 0.2535490990 -0.2445776165 -0.1828601360 -0.3412562609 -0.1744642109 -0.0423718095 0.0990208089 -0.3115950227 -0.1558057219 0.0877260417 0.2156607211 0.2531316876 0.1612048894 
-0.1216207519 -0.0140788313 -0.1954610199 -0.0730899274 0.1291071177 -0.0377453789 -0.2356036752 -0.0905512050 0.3207974732 0.3593383431 -0.2786045074 0.1899061650 -0.0814235061 0.3694111705 
0.1076119244 0.2072974890 -0.0131336078 -0.2933055460 0.2680858970 -0.1994220912 0.2361194342 0.0277688988 0.0268346444 -0.2753162980 0.1502756923 0.0920089632 -0.2848845720 -0.3183694780 
0.2352314591 -0.1884113848 -0.0941122547 0.2482378036 0.1234538555 0.2931700647 0.2207819372 -0.1437154710 -0.3193678260 0.1062586531 -0.2664523721 -0.3022365868 -0.0351291597 -0.3345723748 
-0.0497310609 0.0050675995 0.0498579592 0.1023562476 -0.0446177423 -0.0896790326 0.1441553086 0.1797983795 -0.1381051689 -0.2641877532 -0.0632875413 0.0431270972 0.1037423536 0.0474224947 
-0.1130612344 0.1415753365 0.0615942590 0.0280127600 0.0557184368 -0.2072604299 0.0013116042 0.2810792923 -0.0578030050 -0.1781652421 0.0209026393 0.1295110285 -0.0861298591 -0.1026627719 
0.2499508113 -0.2075683475 0.1135829538 -0.0856750682 -0.1105319411 -0.2053347379 -0.2047913522 -0.0164926443 -0.1605065316 0.1045482308 0.1492635310 0.0331865139 0.3342498243 0.2161583155 
0.1052578464 -0.1307497621 -0.1792759895 0.1570936590 0.1257063299 -0.0828091279 -0.2222211063 -0.2152640373 -0.1378343850 0.0891558006 0.2380392402 0.2076069862 0.2459491938 -0.2033244073 
-0.0568424575 -0.2356185913 0.2861902118 -0.2578313351 -0.0057055512 0.0963166729 0.2591939270 -0.0512756184 0.2039177120 0.1766009033 -0.1596913636 0.1564891636 -0.1822925061 -0.1031278297 
-0.1986890584 0.1515318900 0.1565048099 -0.3111335337 -0.1466853321 0.0400743410 0.2893616855 -0.2520154417 0.1321373433 -0.1384442747 -0.0336721092 -0.1815523803 -0.2280898392 0.3307552636 
0.1341873556 0.1528729200 0.1996311992 -0.1020015851 -0.0219232440 0.1230463013 -0.3479054570 -0.1003000662 0.1766388267 -0.1253276616 0.1994182616 0.1072234660 -0.0882956535 -0.0511203893 
-0.3256575167 0.0762012750 -0.0636561736 -0.1381570697 -0.0484964438 0.1700789481 0.2532818615 0.1345208138 0.1309782714 -0.1826771945 -0.3248592615 0.1960519701 -0.0995699316 0.1988538951 
0.0273333061 -0.2156782746 0.3291780651 0.2377308458 -0.2171863914 -0.1799411476 0.0491821356 -0.1104380712 0.3643325567 0.0735571384 -0.2221376151 -0.0611674562 -0.0095076496 -0.1295672953 
-0.1973162293 0.1507663876 0.1559173316 0.0278579369 0.2160284370 0.1529278606 -0.2257314771 0.2277185917 0.2915359735 -0.1605002284 -0.2891570628 0.1151387915 0.1429596096 -0.1501902342 
-0.0952800736 -0.0187434983 -0.0253016297 0.1010427251 -0.0147633115 0.0589606315 0.0522616394 0.1666284055 -0.0746838376 -0.1357364208 -0.0660596266 -0.0391133241 0.0985456109 -0.1454262286 
0.0913515761 0.1418828815 0.2378188074 -0.3060334325 0.1785743386 0.1138500050 0.2434047312 0.1721129715 -0.0018269109 -0.3589819968 -0.0131525304 0.1482502222 0.1298803836 -0.0448134281 
0.0442343540 -0.0537097454 0.2062742412 0.1104159057 0.0943437293 -0.1251494139 0.1705684662 -0.1419912875 -0.3059810102 -0.0954407603 0.0595548116 -0.2094521821 0.1478458643 -0.1089829654 
0.1433512717 0.1435133517 0.1376001984 0.2929623127 -0.1402360946 -0.1877105087 0.1193143874 -0.0997690931 -0.1262473017 0.0149413683 -0.1313145161 -0.1726482958 0.0036684480 -0.0558480732 
-0.1816735119 0.2380423695 0.2417306006 -0.0680307373 0.2662611306 0.1752022505 0.0378821976 0.1977878511 0.2710228860 0.2283960581 -0.2576818466 -0.2902731597 -0.2448867559 -0.0104818437 
-0.1249527186 -0.0174233112 -0.1024267897 -0.0655567870 0.1695429385 -0.0863598287 0.2011098415 0.1130681708 -0.0393545292 0.0731350034 0.1246585250 -0.2291459888 0.1363782436 -0.1446145624 
0.0152211357 0.2075839937 -0.2596163452 -0.2974117398 -0.2080125809 -0.0279497541 -0.0800601393 -0.1095826849 0.1743305326 0.1852898300 -0.0698116496 -0.1735399067 0.2487410903 0.1523808539 
-0.0362864248 0.1172634140 -0.2534611225 -0.0501185507 -0.2244796455 0.1244982257 -0.1588476300 -0.1828531772 0.1973951459 0.1650232524 -0.0233835168 -0.1147248372 0.1761398017 -0.1436783373 
0.2797338367 0.2458261997 0.1112283096 -0.0869265497 -0.0667323992 0.3324908614 -0.3721238077 -0.0936576352 0.0086221583 -0.2056179494 0.3024266660 -0.1359236985 -0.1890455931 0.2534686625 
-0.1970093250 0.1896174848 0.2207160443 0.2105646580 -0.2074595690 -0.0956642628 -0.1258670390 -0.0164349545 -0.0132754706 0.2311988771 0.0428656153 -0.3498791158 0.1079436094 -0.0336076394 
-0.2297311127 0.2259701490 0.2353611439 0.0208974313 -0.1835053116 0.1774342954 0.1543453038 0.2764015794 0.1619087309 0.1464626491 -0.1643262058 -0.1562559158 0.0081028221 -0.2553915381 
-0.1223142520 0.2366813868 -0.1388114840 0.0089573236 -0.1537980437 -0.0677196234 0.1001756713 -0.0871113464 -0.2092030644 0.1879794598 0.0043887105 -0.0296708532 -0.1278803349 0.0549992621 
-0.1109493524 0.2264069468 0.3421651423 -0.1766791195 -0.0348307416 -0.0902521759 -0.0851292759 0.2401413918 0.0752463862 -0.1087865531 0.0889400020 -0.0317142978 -0.0491335168 0.3480371535 
-0.1373123378 0.2471293807 0.2355522960 0.1604162604 -0.1756837517 0.2129723728 -0.1027241424 0.2370892465 -0.1704800129 -0.0093286047 0.0020492778 -0.0505707040 -0.3601107299 -0.2380340695 
-0.0174220726 0.1787327975 0.1929861903 -0.1881490499 -0.2011407316 0.0861118585 -0.1900586337 -0.2082571983 0.0440167412 -0.1536760926 -0.1257355064 0.1510980725 0.0599627569 0.1234829798 
0.0133477263 -0.1678272039 0.2061557770 -0.1481041759 -0.2877792120 -0.2910628915 0.2903261483 -0.1140685901 0.0075226841 0.2120405585 -0.2608575821 0.2686555088 -0.1907544583 0.0503156744 
-0.0970991552 -0.0086808559 -0.1554891765 0.1011018306 0.2030608207 -0.2171242833 -0.1042307317 -0.2463988066 0.2090291977 0.1192438230 -0.0116912853 0.2584821582 -0.0161730703 -0.0225179121 
-0.2366770059 0.0063153827 0.1979205161 -0.3260242045 -0.1605600566 -0.1817272902 0.1913973987 -0.2093260735 0.2956083119 -0.1860449165 0.2399444878 0.0780091062 0.3109228015 -0.0331877396 
0.1732357442 0.1732988358 0.1799291372 -0.2486271858 -0.0386803336 -0.1007681191 -0.0000546997 0.2102625817 -0.2300462723 0.0390252993 0.2423261255 0.0940382108 -0.2768479884 -0.1384030133 
-0.1815028042 0.1266088635 0.1225521043 -0.0419411473 -0.0135031380 0.1000920534 0.0236862879 0.0735637546 0.2078068405 0.1145083383 -0.3500304520 -0.2813530564 0.2369302362 -0.2672351897 
0.0626178607 0.0847161785 -0.3472904563 0.0270599816 0.2677451968 0.0214678999 -0.2680340409 -0.2881123722 -0.2109117508 0.1647028029 -0.0529248007 -0.1722886264 0.2967516184 -0.0888180435 
-0.1455288827 0.2650313079 0.1318366677 -0.2419878840 -0.0793229714 -0.0134444758 0.0203026477 -0.0434284918 0.3434384465 -0.2054343373 -0.2843116224 0.2492031902 0.2263361067 -0.0564272106 
-0.0804131180 0.0463006310 -0.0269399639 -0.0439200476 0.2259313911 -0.0506798215 0.1077314913 -0.0783681050 -0.1375652403 0.1220077574 0.1992173940 -0.0451209210 -0.0764279813 -0.1657359302 
-0.1131661311 0.1200471148 0.0950387046 -0.1957472712 0.0145588238 -0.0663868487 -0.0923752114 -0.0898383260 0.2846492231 -0.0692897215 0.2442959100 -0.0779147148 -0.0987027511 -0.0177301876 
-0.1313462108 0.1039136276 0.0838332698 0.0355936252 0.0242319535 0.1929415911 -0.0206272472 -0.0594528727 -0.0441547222 -0.1840853840 0.1098652408 0.0560594350 -0.2672447860 -0.1520005316 
-0.0420016907 0.0764692053 0.0652658716 0.1984287649 0.0541525371 -0.2853655815 0.0417348556 -0.2941453457 0.1204150096 0.0533026457 0.1751392037 -0.3851100504 0.0704489797 -0.0555562377 
-0.1758461446 0.0891757905 0.0672472194 -0.0621500351 -0.1730808169 -0.2053665966 -0.2516610622 -0.1240973026 -0.1580066979 -0.1683115214 0.0908800587 0.2450889945 0.2547547221 -0.2199777663 
-0.0054600122 0.1338507384 0.1062332764 -0.1625349224 0.2540745437 0.1066270471 0.0712280720 -0.0000780053 -0.2109781802 0.1522649378 -0.3541458249 -0.1645869464 0.0599709488 0.0546831265 
0.0142596010 0.1471880674 -0.1267618984 0.1158712655 0.1025384292 -0.2264136672 0.0817965940 -0.0661126599 0.0925412774 0.1322899312 0.0422923900 -0.1513858736 -0.1444121748 0.0253465232 
-0.0336353555 -0.1506208330 0.1291187853 0.2716523707 0.1165514365 -0.0247118454 -0.0971775427 -0.1026369929 0.3999866247 -0.2810227573 -0.1220757812 0.2878528535 -0.2211515456 -0.1431887299 
-0.1862913966 0.0684354380 -0.1027292833 -0.0835830495 -0.0429335237 0.1057817861 -0.3012769222 -0.1936931163 0.1567278057 -0.1796346754 0.1280522645 0.1069384590 0.1850412488 0.1496054232 
0.2044414431 -0.2086421400 0.2232490331 -0.1706791222 -0.2294139117 0.1958985478 0.1618306488 -0.1014018357 -0.2675448954 -0.0317496993 0.1049219891 -0.1006724760 0.3505801558 0.2824569643 
-0.0969861001 0.0838850141 -0.1139429957 -0.0639365241 -0.2533328831 0.0087596141 0.1649962962 -0.0729125589 0.2766195536 -0.0050636563 -0.2828267813 0.0330292583 -0.3076334596 0.0734323189 
0.2555435598 0.0587243140 -0.2939968705 -0.1349751651 -0.1561624706 -0.0296465121 0.2032759339 0.2213672400 0.2666253150 -0.3353232741 0.1745577902 -0.0179863721 0.1669594347 0.1824856699 
-0.3405403197 -0.2525350451 0.0785395429 -0.0300159175 0.0422712192 -0.3492385745 0.1042509973 -0.3254076540 0.0867062882 -0.0683618262 0.1299655288 0.1427274048 -0.0035016448 0.1410425454 
0.0754427165 0.1163845062 -0.2640472949 -0.1776506156 -0.2547433972 -0.1948985308 0.1179293245 0.0837768912 -0.2881480753 0.2294587642 -0.0403694138 0.1277847290 -0.1833353043 0.2141473740 
0.2156120241 0.2063596100 -0.2239739448 -0.1760002524 -0.2008368522 0.1149151325 0.1918051690 0.1767440736 -0.1825791895 -0.1900715083 -0.1335163265 -0.1978830099 0.0029674552 -0.0725078359 
0.0595994741 -0.1120893210 0.0982063040 0.1527906507 0.0944415405 0.0349774584 -0.1732496172 -0.0814037919 -0.0714534670 -0.0917869434 -0.1606121808 0.1618874073 0.2341823876 -0.0133502577 
-0.0910635591 0.0756720155 -0.2441730052 -0.2792820632 -0.0804341584 -0.3033884764 0.1233426332 0.0457578003 0.1110571623 -0.1854461730 -0.0070836530 0.0350383520 0.1211966574 0.0798139423 
-0.1735868454 -0.2497096211 0.1567475498 0.1695297360 -0.2235128284 0.2182939053 0.2315844595 0.2266913354 -0.1076891124 0.1613940895 -0.0841663629 -0.2461418808 -0.1135639995 -0.1975281388 
-0.2539650798 -0.2498226315 -0.0444504283 -0.1403972059 0.0875170529 0.2368613034 0.1024956256 -0.1072966978 -0.0398281850 -0.0292107966 0.1274331659 -0.1507489681 0.2351978123 0.1422898322 
0.1525441855 -0.1713923067 0.0508361980 -0.1381180584 0.1410184503 0.0697254241 0.1754376292 0.0656095296 -0.1638082862 0.0542183444 -0.0398005508 0.2584777176 0.1623000354 -0.1334270090 
0.0778934956 -0.0847334415 0.1681620181 -0.2004862726 0.1631258726 0.1776451468 0.1106083766 0.0539371893 -0.0840101913 -0.1665005088 0.0228022244 -0.0573808849 0.1372982413 -0.0947230160 
-0.1586492360 -0.1672386825 -0.0924642310 0.1532759815 0.0283662975 0.0525453873 -0.1444015056 0.1281203330 0.0988072604 0.3656899929 0.1156226471 -0.0221124832 0.0834524855 -0.1346154064 
-0.1786755025 -0.0789200589 0.2321406156 -0.0053186468 0.0502609350 -0.2219065279 -0.2436282337 0.0993894190 0.0276601668 0.0216655508 0.0392438620 0.0689916238 -0.0480432063 0.1767373979 
-0.1461104453 0.2699259222 0.0599980503 0.2139441520 -0.2298758775 -0.2037486583 -0.1807413697 0.2806593478 -0.0785902515 0.1530458331 -0.1152017787 -0.2457020581 0.1958025992 0.2114763409 
0.2837569714 0.1363943368 -0.2166490555 -0.0931568220 0.2333941460 0.1434420794 -0.0042947032 0.0255246181 -0.2292507291 -0.1269329190 -0.2766542733 -0.0356742851 0.0364583693 -0.0989655405 
-0.0938379541 -0.1798448563 -0.1392239779 0.0119630489 -0.1160141751 0.2354796827 0.0113660814 -0.2636245489 0.1464569569 0.0815460458 0.1510285735 0.2766441703 -0.1030882075 0.0987775922 
-0.1468308270 -0.2445644736 0.2645981312 0.1072315574 0.0317203552 0.2857976854 -0.1886400878 0.0545678511 -0.2022697628 0.0342132710 0.2807208300 0.0289844591 -0.1108442470 -0.0085643325 
-0.2478114665 -0.2038487196 0.1555857211 0.0344767831 0.2248517424 0.1340698600 -0.0663305223 -0.1856036484 -0.2704031169 0.2481300980 0.0386272557 -0.1735872626 0.2306853980 -0.2424779981 
-0.0387276746 -0.0026470558 -0.0852567479 -0.1446522325 0.2265216112 -0.0559147559 -0.1264497489 -0.2102411389 0.1477369070 0.2445334941 0.2659608722 0.1058076322 -0.0644657016 -0.0404661708 
0.2657349408 -0.1589597017 -0.0343933776 -0.3112410903 0.1518773735 0.0839370266 0.2872544527 0.1684862524 -0.1855114996 0.3298715055 -0.0716066137 -0.2038894594 -0.2840209603 -0.0730637014 
0.1388147175 -0.2545250952 -0.0984788984 0.1275959462 0.1423352510 0.2574520707 -0.1379814446 -0.1370367855 0.2657713294 0.0299595818 -0.0890293941 -0.2157514393 0.3431167006 -0.2079249471 
-0.1033340171 -0.2912666798 0.0813983753 0.1513847858 0.1473979056 -0.0776206702 -0.0973329917 -0.1704153419 0.1963625252 -0.2544489205 -0.1117119342 0.1178079173 0.1580290943 0.2295680642 
-0.1089796498 -0.2265905589 -0.1389258802 -0.0864629224 -0.0906080380 -0.1566209644 -0.0939852223 0.1964225322 0.0110308072 0.1436188668 0.0853447914 0.0314399004 -0.0245916359 0.2359661162 
-0.2382614464 -0.2538819611 0.1013079137 0.0233883169 0.0211988632 -0.1338815093 0.2334034294 -0.1857578307 -0.0530661866 -0.1456942707 -0.0362310708 0.1139918342 0.1318039596 0.0613922849 
0.2140905410 -0.0660399944 0.0519904792 0.1660476923 -0.0225687120 -0.0563912354 -0.1794786453 0.0836772695 0.0156803876 -0.0735399723 -0.1757595837 0.2644695342 -0.1544165611 -0.1760492921 
-0.0348631516 -0.1220062375 0.2554211915 0.2533789575 -0.1951619834 -0.1468564868 0.4094473720 0.1728813797 -0.0390623920 0.0349664018 -0.0835058838 -0.0685287192 -0.0734115839 -0.2777221203 
0.2473190874 -0.2592923343 0.2826297283 -0.2951008081 -0.1066468507 -0.0114000700 -0.2021200657 0.0639614239 0.1134665906 0.2401314080 0.1062563956 -0.1476277709 0.0183793865 0.1169102564 
-0.1864011437 -0.1404585689 0.1717142016 0.2834064662 0.1035129577 0.2617417872 -0.1703191102 0.2703189552 -0.0924696401 -0.1273468137 -0.2188743502 -0.0350733213 0.1171259955 -0.1270181388 
0.1569760591 -0.1997950673 0.1352152377 0.1266402453 -0.2402981520 0.1362450421 0.0524673872 0.1110762581 0.1811842918 0.2001830637 0.0824381709 -0.3266579509 -0.2083796412 0.1745432764 
0.1833238155 0.1274925172 -0.0777422637 -0.1086475477 0.1065550745 -0.1057721153 -0.1510619670 0.0614789575 -0.1974729002 -0.2093987167 -0.0087375715 0.0397385657 0.0009569728 -0.1357731521 
0.2381655425 0.2584592104 -0.0922678486 0.1448486000 0.0180736799 -0.0029466653 -0.1177310050 -0.0265419725 0.2900673747 -0.0374826826 0.2426806986 0.1542534232 -0.1428516358 -0.1021410227 
0.2148474604 -0.0165439900 0.1824318767 -0.3084148169 -0.0036011098 -0.2169525027 -0.2823511958 -0.2383192182 0.1334937662 0.1730244905 0.1122408062 0.1824276149 -0.1406446993 0.1093137562 
0.1878175437 -0.0593498275 0.1971827447 0.0995070413 0.1544796079 -0.2911022604 -0.2553913891 0.2134988308 -0.2861489356 -0.0499282442 -0.0011101309 0.0232875738 0.2059096545 -0.2360359728 
0.1040479243 -0.1917121857 -0.0091431299 -0.1037136093 0.2548438013 -0.1682737470 -0.0545380563 0.3447419405 0.0155204330 0.0465557165 -0.1848006994 0.1942738891 -0.1930389553 0.3718307316 
0.2653701603 0.2133256793 -0.1236791834 0.0910953134 0.1363341361 0.1490105838 -0.2064065486 -0.1913722157 0.0532432348 0.1847334355 -0.2479710877 -0.2045573294 0.2012629807 -0.2106734365 
0.2768010795 -0.1804036796 -0.0507566370 0.2149152160 0.1837926805 0.2100564837 -0.2384937853 0.2323119491 0.0560967326 -0.3334066272 0.1987019032 0.1818611473 0.2714356482 -0.2667654455 
-0.2747848034 0.1832578480 0.2020040452 -0.1222271472 -0.1121371984 0.1337809414 0.1164423227 0.0494839437 0.1507690251 0.1930153668 0.1407657415 -0.3149033785 -0.3047931790 0.2835961580 
-0.0607625321 0.0559479110 0.0595010072 0.0836834460 -0.1382533461 -0.1626425833 0.0000326204 0.2238915861 0.2183397114 0.0486600995 -0.2446518093 -0.0561116748 0.0400856137 0.1713471711 
0.1220068112 0.1060735360 0.0584673174 -0.3396287262 -0.0160935372 -0.0783222765 0.0262056347 -0.3117040396 -0.2501253188 0.2296853364 0.0108680688 0.1472155005 0.0317908116 0.1366232634 
0.0017306198 0.0423570909 -0.0432210043 0.3727646470 0.2746226192 -0.1318879575 0.0838702768 -0.0940838680 -0.2837679386 -0.1935700476 -0.0377052352 -0.2207582593 0.1863841861 -0.2029581964 
-0.1925920695 -0.0937137455 -0.2533953190 0.1696545333 -0.1013171077 0.1764471829 0.2223372608 -0.1760347933 -0.2598640025 0.0138687184 0.2665945590 0.1564146280 -0.1834066659 0.1325302571 
0.2090233117 -0.2481824607 -0.0583537370 -0.1568498909 0.1589581966 -0.1006451696 -0.1929061413 -0.0222199298 0.0370758995 0.1672302932 0.3199543655 -0.1777390242 -0.1897071302 0.2470027059 
0.0077981963 -0.0871027261 -0.1252936870 0.1318234056 -0.1726013422 0.0688567162 -0.0413005091 -0.0895313770 0.0646020025 0.1629417688 0.0927012712 0.1353057623 -0.0087414421 0.0291098300 
-0.1204956397 -0.1046826839 -0.0123099703 -0.3520900309 0.0662197396 0.1715055406 0.1317342818 -0.0233636964 0.1538288295 0.1301798373 0.2124405205 0.0054955930 -0.0470770411 -0.0153118353 
-0.1986408234 -0.2355889827 -0.2395480275 -0.1652558595 0.0113388076 0.1458407640 -0.2624990046 0.1759328544 0.1960682422 0.0143899908 0.2278179079 0.0969551057 -0.1967212409 -0.3256612122 
-0.0910689533 0.2090867013 0.1303773820 -0.0627376959 -0.1808071882 -0.1385330856 0.1174076274 -0.0824944377 -0.0121891592 0.0151533689 0.0022873185 0.0078494688 -0.1339740008 -0.2164139599 
0.1651617438 0.0653692335 -0.1795837432 0.0793761611 -0.2323905826 -0.1130845845 -0.1669573039 0.0650205538 0.2424089164 0.1346251965 -0.2647750676 -0.1378637552 0.1134397835 -0.3364883065 
-0.2532547414 0.1116917357 0.0850947574 -0.2999330461 -0.1610974520 -0.0060007451 -0.1878615320 -0.2825542688 0.3514217734 -0.2219293565 -0.0199983977 0.2742606997 0.3212088346 0.0947796777 
-0.1135323569 -0.0205028169 0.2393487394 0.3203094602 0.1875006706 -0.2043738663 -0.1913883686 -0.1057120785 0.3339830041 -0.1720133722 0.2790191472 -0.0233248379 -0.0113865538 -0.2604504526 
0.2338798046 0.1895119697 -0.1712313741 -0.1338981241 -0.2851151824 0.2085113376 0.1173612550 0.0754982531 -0.2885448039 -0.2312991768 -0.1314629614 0.2485381812 0.0889455378 0.1916329116 
0.2143605500 -0.0041485336 0.0903221741 0.2626155019 -0.0120007126 0.3074851632 0.1528905481 -0.1950313598 -0.1475488544 0.2238937467 0.0975820348 -0.2219946235 -0.1954028904 -0.2883756161 
0.3055014014 0.1419973969 0.2244643271 -0.1628794372 0.2687217891 0.0157033857 -0.1481644213 -0.0639383942 -0.0864751637 -0.0613745339 -0.2581588328 -0.1307980269 0.1858069897 0.3446377218 
0.1786847413 -0.2734446526 0.2650683820 -0.2104090601 0.1456876546 -0.3058728874 0.3035363853 0.2053406686 -0.2930737436 0.2370087206 0.0603736416 -0.0994700789 -0.0910302326 0.1913099587 
0.3090737462 -0.0488207638 -0.0688109696 0.0193244182 -0.1748120040 -0.0667679086 -0.0946501195 0.3324410617 -0.0840550363 -0.0421103649 -0.1234699488 0.3736407757 0.0668487474 0.1696441025 
-0.1888824701 0.1906316429 -0.1905396581 -0.1099109873 0.1399055123 -0.1091248468 0.0964705497 0.0823872611 -0.1247940138 0.0106351487 -0.1454651654 0.0204506796 -0.1752755791 0.0224944595 
-0.0803367198 -0.1899534166 -0.1916678548 -0.2476528734 0.1818801910 -0.1192584783 -0.2295941263 0.2489348799 -0.0896987244 0.2858881056 0.1704825610 0.1669239104 -0.1694493294 -0.2193682045 
-0.2142435908 -0.0116483457 0.0732729286 0.1517669857 -0.2502216995 -0.2261617035 0.0645449609 0.2549150884 0.1615138948 -0.2601007521 0.2017797977 -0.0524559170 -0.0189214423 -0.2180329859 
