bias_started
0.0060706735
-0.0007416572
0.0189489126
-0.0118219974
-0.0185261331
0.0053652502
-0.0043339045
-0.0040693209
0.0066457987
-0.0076576914
0.0025998575
0.0311452337
-0.0458572283
0.0159259532
-0.0488359518
-0.0224772748
0.0104413331
0.0510102846
-0.0161302835
0.0195512865
-0.0284818206
0.0493727401
-0.0170743875
-0.0123740118
-0.0103920316
-0.0039365576
0.0589188784
-0.0419141762
-0.0365451686
0.0170443337
0.0186973233
0.0145946061
-0.0591814779
-0.0027140593
0.0167599879
-0.0163123570
-0.0190759506
0.0233360305
-0.0252687912
-0.0352370813
0.0732355416
0.0134011470
0.0080284541
0.0173172876
-0.0110074738
-0.0632143170
0.0227142107
-0.0160671752
-0.0027675112
-0.0066227033
-0.0314842351
-0.0109309154
-0.0015784048
-0.0007684899
0.0003665063
-0.0105402861
0.0159426518
-0.0512883812
-0.0367398486
0.0023221832
-0.0361803770
0.0209946092
0.0397114493
0.0042992309
bias_stopped
