kernel_started
in_layer_started
matrix_started
0.1884585768 -0.0710434392 -0.2251850665 
-0.2972808480 -0.2191432416 0.0156022673 
-0.1317664981 -0.0261283051 0.1856041551 
matrix_stopped
matrix_started
0.1246961281 0.0640243515 0.0245737433 
-0.0435390882 -0.0038944711 0.1189380959 
-0.1848554313 -0.0266233254 -0.0937630087 
matrix_stopped
matrix_started
-0.1854196936 -0.1470768899 -0.0853126645 
-0.4872860014 -0.2485742420 -0.5518242717 
-0.2389687151 -0.2023850232 -0.2539710402 
matrix_stopped
matrix_started
-0.0425360687 -0.1672249138 0.1044356227 
0.0299209934 0.1623581946 0.1620410830 
0.1223428994 -0.0321807638 -0.0009888823 
matrix_stopped
matrix_started
0.2077630758 0.0670621693 0.0080263047 
0.1914995015 0.2227299064 0.1631174386 
-0.1357787102 -0.1512939781 0.1167846695 
matrix_stopped
matrix_started
0.3284224272 0.0150536746 -0.3725660443 
-0.0148474099 -0.1221933290 -0.0316423289 
-0.0326816067 -0.1233267337 -0.0016294223 
matrix_stopped
matrix_started
-0.1360011548 0.2548450232 -0.0156866368 
-0.3744951785 -0.0076470673 0.1280441135 
0.0633391887 -0.2995263636 -0.2228013426 
matrix_stopped
matrix_started
0.0185363758 -0.1063929573 -0.3564918637 
0.0784861147 -0.1363563389 -0.0583434924 
-0.1383451521 0.2035913616 0.1289166510 
matrix_stopped
in_layer_stopped
in_layer_started
matrix_started
0.0855364949 0.2090214491 0.3642673790 
-0.1175923273 -0.0788639337 0.1382779479 
-0.2246088237 -0.4514286518 -0.3825048506 
matrix_stopped
matrix_started
-0.1247099862 -0.3840093315 -0.4246152341 
-0.5098227262 -0.2206062973 -0.3796619773 
-0.1830768287 -0.2199903131 -0.1890370250 
matrix_stopped
matrix_started
0.1843413264 0.0487603843 0.1309568286 
0.3262004256 0.2566385269 0.2987480164 
-0.0183986481 0.0160434246 0.0212857965 
matrix_stopped
matrix_started
0.0497224815 -0.0063639856 -0.0355991386 
-0.0672715828 -0.0064506806 -0.1126229614 
0.2627667487 0.0951744244 0.1149817929 
matrix_stopped
matrix_started
-0.0766351894 -0.1094741896 -0.1587634236 
0.0339567550 -0.0013355964 -0.1049989313 
-0.0636653900 0.1382095814 0.1379503310 
matrix_stopped
matrix_started
-0.2685635090 -0.1103271693 0.0247647744 
-0.0838001817 0.0623854399 0.1311664283 
-0.1647641510 -0.1801699847 -0.0487870052 
matrix_stopped
matrix_started
0.1124903560 0.0600366034 -0.0545622446 
-0.0188108906 -0.0227524247 0.1521221399 
-0.0317986943 0.0971931592 0.1261834800 
matrix_stopped
matrix_started
-0.0398473628 -0.2115835100 -0.2051779032 
-0.1917367429 -0.2123638690 -0.0143271098 
-0.4681493044 -0.1600386351 -0.1066054329 
matrix_stopped
in_layer_stopped
in_layer_started
matrix_started
-0.0775844678 -0.1602590829 -0.0989376307 
-0.4252322614 -0.2600610256 -0.2254880965 
-0.4216020107 -0.1914841086 -0.2412158549 
matrix_stopped
matrix_started
-0.1895820200 -0.1018888652 0.0488893166 
-0.1034424007 -0.1723488569 -0.2820613086 
-0.1658267826 -0.1221546605 0.0619832799 
matrix_stopped
matrix_started
-0.4248143137 -0.0130127072 -0.0572332852 
-0.2456453890 -0.0882755592 0.1133192778 
-0.4105266929 -0.2306109965 -0.0751703531 
matrix_stopped
matrix_started
-0.1990846545 -0.0747038797 0.1205779761 
0.0991620198 -0.0250371303 -0.0702610910 
0.1802840680 -0.0024824692 0.0280088019 
matrix_stopped
matrix_started
0.0367359556 -0.0627043471 -0.0396367498 
0.1766899526 -0.0182350669 -0.1452486962 
-0.1118142009 0.0041698231 0.0363062508 
matrix_stopped
matrix_started
0.1824963838 -0.1052853763 0.0537002943 
0.1244018301 0.0026589604 0.0653803870 
0.1442453712 0.1389662027 -0.0823459700 
matrix_stopped
matrix_started
0.0600125976 0.0118486248 0.0992732048 
-0.1441734284 -0.2029778659 -0.0490334257 
-0.0911505744 0.2082425505 0.2523491383 
matrix_stopped
matrix_started
0.2130360156 0.0514928438 0.2001972497 
-0.0734316930 0.0232067108 0.1403788030 
0.0133624123 -0.0218978152 0.1999677718 
matrix_stopped
in_layer_stopped
in_layer_started
matrix_started
-0.0772258639 -0.0090985065 -0.0529726371 
-0.2321659476 -0.1816804111 0.0644825250 
-0.1920467466 -0.1576616168 -0.0583273210 
matrix_stopped
matrix_started
-0.0908933282 0.1360605955 -0.2246797532 
0.1376734525 0.2119011283 0.0234602485 
-0.1336480826 0.0194834080 -0.0807778686 
matrix_stopped
matrix_started
-0.0197348334 0.0438657217 -0.0527614541 
-0.0020728901 0.1029280499 -0.0147204595 
-0.1907517761 0.1828988791 -0.0039870543 
matrix_stopped
matrix_started
-0.0042359070 0.0107338596 -0.1390659660 
-0.0791315660 -0.1282699257 -0.0237171333 
0.0619527362 -0.0054211519 -0.0692666769 
matrix_stopped
matrix_started
0.2833547294 0.1301438063 -0.0434542485 
0.2900326252 0.2606109381 -0.0872399434 
0.1427755505 0.0802154839 0.2069388479 
matrix_stopped
matrix_started
-0.0760687366 -0.2237358093 0.1094934493 
-0.0868253782 -0.0271447767 -0.1007469073 
-0.0793391615 -0.1004834101 -0.0355914608 
matrix_stopped
matrix_started
0.1968231797 -0.1548964083 -0.1839211136 
-0.0581537262 0.1003284380 0.0541281104 
-0.1432285905 0.0821412280 0.1831252575 
matrix_stopped
matrix_started
-0.0314272232 -0.0146101564 0.1878612787 
-0.0299086720 -0.0384907760 0.0658819154 
0.0358618237 0.1958341897 0.0213001855 
matrix_stopped
in_layer_stopped
in_layer_started
matrix_started
-0.1830832809 -0.0640498996 0.0709414482 
-0.2420472056 -0.2613973320 -0.0630573779 
-0.2251971960 -0.1137576699 -0.0969649851 
matrix_stopped
matrix_started
-0.0942067355 0.1040160656 -0.1006115824 
-0.2006010711 -0.3693476915 -0.1289668530 
-0.0699237585 -0.0764820948 -0.1498407423 
matrix_stopped
matrix_started
-0.1631060839 -0.1452401280 -0.2071626484 
-0.2841861844 -0.1012069136 -0.3375244141 
-0.1667796224 -0.2762955725 -0.2197811604 
matrix_stopped
matrix_started
0.0461988747 0.0806764290 -0.0294428188 
0.0653287843 0.0972909331 0.0070579313 
0.2442981899 0.0151586197 0.0927726701 
matrix_stopped
matrix_started
0.2097785622 0.2641905248 0.1159615666 
0.0445845164 0.1491035521 0.1354741752 
-0.0428927988 -0.0695448965 0.0884836689 
matrix_stopped
matrix_started
0.1059903353 0.0740000531 -0.0070739407 
0.0138713112 -0.2443379015 -0.1517509073 
-0.3237776160 -0.2335265428 -0.1589305103 
matrix_stopped
matrix_started
-0.1468211114 0.1014887691 0.0879478082 
-0.0779686868 0.1442255974 0.2043395340 
0.3081851900 0.1843667626 0.0913960189 
matrix_stopped
matrix_started
0.1729183495 -0.0263877399 -0.1105316877 
-0.0063006682 -0.1810050905 -0.3817612529 
-0.1901220828 0.0845659077 0.1596494764 
matrix_stopped
in_layer_stopped
in_layer_started
matrix_started
-0.1677071452 -0.3877752125 -0.3406613171 
-0.4201508164 -0.4120527804 -0.5400094986 
-0.2838527262 -0.2609486282 -0.1344370395 
matrix_stopped
matrix_started
0.2009824365 0.0776692778 0.1049387157 
-0.0314759091 0.0724283084 0.1805381775 
-0.0082410267 -0.1392551064 0.0249711648 
matrix_stopped
matrix_started
-0.0559723191 -0.0051164636 -0.0313784219 
-0.0109754261 0.1060956344 0.1205819175 
0.0541048385 -0.1373684853 -0.0939005464 
matrix_stopped
matrix_started
-0.1311787516 0.0693695992 0.0685176998 
-0.1131777242 0.1607285291 0.0111363400 
0.0010690456 0.2042165399 0.1241375580 
matrix_stopped
matrix_started
-0.2415378541 -0.2602841854 0.0087139616 
-0.0268946327 -0.2432187051 -0.1206161305 
-0.0276885759 -0.1130874828 -0.0639647692 
matrix_stopped
matrix_started
-0.2286057323 -0.1436956078 0.1351352334 
-0.1844166517 -0.0660792589 -0.0501295067 
-0.0542422608 0.0676906034 -0.1549758613 
matrix_stopped
matrix_started
0.1533050537 0.0215498116 0.0630063936 
0.2467118502 0.2301308364 0.0863702223 
-0.0194262769 0.0754541010 -0.0250438228 
matrix_stopped
matrix_started
-0.0615197159 0.1890776306 0.1705716699 
0.0287371371 0.1506161094 0.1853936613 
0.0447603539 0.0323796459 0.1651066989 
matrix_stopped
in_layer_stopped
in_layer_started
matrix_started
-0.2018900067 -0.1294922829 -0.1354761422 
-0.2842767537 -0.1143627316 -0.1082847491 
0.0389795341 0.1531866491 0.1341815591 
matrix_stopped
matrix_started
-0.2063049823 -0.2395512611 -0.2467618287 
0.0299844220 0.0771703571 -0.2219791263 
0.0295457263 0.0074916701 0.0495171547 
matrix_stopped
matrix_started
0.1111626402 0.0279865600 0.1611445099 
-0.4583294094 -0.1796706170 -0.0945169404 
-0.4069314003 0.0252723414 -0.0433904678 
matrix_stopped
matrix_started
-0.0634502545 0.0643461049 -0.1626195908 
-0.2170763910 0.0013944057 -0.1729256511 
-0.0838308856 -0.1827019304 -0.0991165116 
matrix_stopped
matrix_started
-0.1045830324 -0.2830521166 -0.3819892108 
0.0900587812 0.1026093513 -0.0219335090 
-0.0139615573 0.0002866119 -0.1026106328 
matrix_stopped
matrix_started
0.0720180720 0.2160736769 0.1369574070 
0.2140332758 -0.0256981663 -0.0956745446 
0.0762681887 0.0373849124 0.0033688941 
matrix_stopped
matrix_started
-0.3136431277 -0.2524390817 -0.2874113619 
-0.6159292459 -0.1900190860 -0.0540674105 
-0.2016447484 0.0315149277 0.1882945597 
matrix_stopped
matrix_started
0.1629537344 0.0481408238 0.2056967318 
0.2168225199 0.1015611887 0.1550331861 
0.1466819644 0.1002582684 0.1041780338 
matrix_stopped
in_layer_stopped
in_layer_started
matrix_started
-0.0432669893 -0.0850676596 -0.1573503464 
-0.0197951570 0.0014175035 -0.1331940740 
0.2174069136 0.0966247395 0.0633351058 
matrix_stopped
matrix_started
-0.0551862307 0.0950001404 0.0427288488 
0.1188272387 0.0013271106 -0.0760261640 
-0.0004886995 0.1527458727 -0.0388497300 
matrix_stopped
matrix_started
-0.4315583706 -0.2007511705 -0.3356932998 
-0.2690569460 -0.0887317061 -0.1447861791 
-0.4798276126 -0.1741074771 -0.2712439895 
matrix_stopped
matrix_started
-0.0354664922 -0.0365186408 -0.0836535916 
-0.0482128635 0.0966183022 -0.1604251415 
0.1146450341 -0.0476903170 -0.1470799446 
matrix_stopped
matrix_started
-0.0893344358 -0.0857183114 -0.0773665383 
0.1750909984 0.0097699342 -0.0685685873 
-0.0606198981 0.1899385899 0.0922231674 
matrix_stopped
matrix_started
-0.0512263142 0.1716199517 0.1576326191 
0.0469662845 -0.3089928329 0.0024628825 
-0.0939503610 0.0817021579 -0.1095442027 
matrix_stopped
matrix_started
0.1853655428 0.1292662770 -0.0572736077 
0.0654617250 0.1245818287 0.1161070466 
0.0841066539 0.1605221927 0.3450042009 
matrix_stopped
matrix_started
-0.0907934159 0.0143657112 0.1535646915 
-0.0583919063 -0.1562023461 0.1130363867 
0.0471873134 0.0375248455 -0.1870993823 
matrix_stopped
in_layer_stopped
in_layer_started
matrix_started
0.2231029123 -0.0339748673 0.3351463079 
0.1102971584 0.3283258080 0.0977588817 
0.3023769259 0.1899032593 0.0934745893 
matrix_stopped
matrix_started
0.2532203197 0.0046467399 -0.1942376196 
-0.0127693415 -0.0113757877 -0.0516982749 
0.1398182660 -0.3376212120 -0.2925021052 
matrix_stopped
matrix_started
0.2343810946 0.1796658039 0.0017215831 
-0.0203052219 0.1599310786 0.1721731573 
0.0964668244 0.1644679010 0.1973461062 
matrix_stopped
matrix_started
0.0781755224 0.0312509425 0.0994416028 
-0.1656079292 -0.1205905378 -0.0003164097 
-0.0868745744 -0.0201940816 -0.0823931992 
matrix_stopped
matrix_started
-0.0402143225 -0.0698722079 -0.0765149817 
0.1373139471 0.0910199955 -0.0465872660 
0.0004186879 -0.0758131966 0.0655839518 
matrix_stopped
matrix_started
-0.1150951535 0.0043240809 -0.1546331644 
-0.2462093085 -0.1151138097 0.1867488921 
0.1117408425 0.0106373727 0.0845911950 
matrix_stopped
matrix_started
0.0399148874 -0.0931885168 -0.0063977535 
-0.1263649762 -0.0520436689 -0.1168412790 
-0.0446963273 -0.0883077160 -0.1028111950 
matrix_stopped
matrix_started
-0.0859399661 -0.3123995364 -0.3051379919 
0.0011131839 -0.2060669810 -0.2514443994 
-0.0487133600 -0.1134418175 -0.3321681321 
matrix_stopped
in_layer_stopped
in_layer_started
matrix_started
-0.2680945992 -0.0136719104 -0.2609706223 
0.0494211577 -0.0388695039 0.0941780135 
-0.1496755034 -0.0465514399 0.0313440375 
matrix_stopped
matrix_started
-0.3254137337 -0.1474119127 0.0417492054 
0.0819884390 0.1139457673 0.0336263552 
0.2451341152 0.0467488356 0.0482539684 
matrix_stopped
matrix_started
-0.0528728329 0.2371353209 0.0648404583 
-0.0156826675 -0.0190959256 -0.2842010856 
-0.0951351449 -0.1714877635 -0.0994003564 
matrix_stopped
matrix_started
-0.0446782485 0.1354614347 0.0491184182 
-0.1041341946 0.0247705262 0.0214745663 
-0.0856704265 -0.0208360273 -0.1021800190 
matrix_stopped
matrix_started
-0.2011000514 0.0741520226 0.0480747744 
-0.2862062454 -0.0816590413 0.0370404385 
-0.1741906852 0.1102689356 -0.0708821341 
matrix_stopped
matrix_started
-0.0011164049 0.0672652349 -0.1097598374 
-0.0692104250 -0.1408998817 -0.1283364296 
-0.1422690600 0.0110542793 -0.1957674176 
matrix_stopped
matrix_started
-0.0485482886 0.0964647532 -0.0252519511 
0.2397662550 0.1642676741 0.2026130259 
-0.0616505481 0.0439306907 0.0797216892 
matrix_stopped
matrix_started
-0.0315374285 0.0289708711 -0.2254672945 
-0.2103376091 -0.1778470129 -0.0587834492 
-0.0638573393 0.0583855286 0.0358726531 
matrix_stopped
in_layer_stopped
in_layer_started
matrix_started
-0.0312652551 0.0333271101 -0.0316810086 
-0.0675918534 -0.0773448572 0.0233241171 
-0.2218907177 -0.1126080975 -0.0083117886 
matrix_stopped
matrix_started
0.0244711153 0.0631372184 0.2039088309 
0.0420493558 -0.1315108240 -0.0468325093 
-0.0744802356 0.0622533374 0.0577209517 
matrix_stopped
matrix_started
-0.0052431268 0.0509683490 0.0387458168 
-0.1890718192 0.0615483113 0.0145105561 
-0.0286295395 -0.0668357238 -0.1968581378 
matrix_stopped
matrix_started
-0.1710602790 -0.2096596658 -0.0576064214 
0.0289469231 -0.0592560172 -0.2075902224 
0.2241290659 0.0505964980 -0.0524090417 
matrix_stopped
matrix_started
-0.1070171297 -0.1220240816 -0.1051133722 
-0.1907181591 -0.0527280569 -0.1819206178 
-0.1515250057 -0.1726075709 -0.0880692229 
matrix_stopped
matrix_started
0.2130383253 -0.0434046499 0.1438596994 
0.1327183843 0.0952731073 -0.0164793991 
-0.1509626508 -0.0326036587 0.1494016051 
matrix_stopped
matrix_started
0.0695781708 0.0271234158 0.0551362038 
-0.0933661908 -0.0152276661 0.1160437614 
0.0132428668 -0.0420210920 0.0030229627 
matrix_stopped
matrix_started
0.0497421697 0.0844003558 0.1097217724 
0.1513470709 -0.0695493296 -0.0046200920 
-0.0040981672 -0.0337419622 0.0158315636 
matrix_stopped
in_layer_stopped
in_layer_started
matrix_started
0.0042361366 -0.0205936227 0.2446794212 
0.1351301968 0.1150286943 0.0437026545 
0.0563617870 -0.1617361754 0.0332877450 
matrix_stopped
matrix_started
-0.3403929770 -0.3111633956 -0.4080211222 
-0.0339312330 -0.1542020738 -0.3134933412 
-0.1181941256 -0.0760312155 -0.3070333302 
matrix_stopped
matrix_started
0.0060303421 0.1398197263 0.0996423513 
0.1711487621 -0.0245844312 0.0668479949 
-0.0037505177 0.1281461716 0.2353153974 
matrix_stopped
matrix_started
0.0868191868 -0.0977075547 -0.1321004629 
-0.0591379888 -0.0108269723 -0.0707228109 
0.1909673214 -0.0159721281 -0.0291118044 
matrix_stopped
matrix_started
-0.2572521269 -0.3531117439 -0.3441007733 
0.0342054144 -0.0752046034 -0.0911888033 
0.0238534100 -0.1268398613 -0.0469301529 
matrix_stopped
matrix_started
-0.0874639899 -0.1313007325 -0.1064964309 
-0.2045069933 -0.3069525361 -0.1915689260 
-0.0920276791 -0.1336977631 0.0993637145 
matrix_stopped
matrix_started
0.4648002982 0.1493479908 -0.0385238305 
0.1766985059 0.0758679584 0.0359590128 
-0.0873724669 0.1522847712 -0.0092176031 
matrix_stopped
matrix_started
0.0928114057 -0.0865663663 0.0759979114 
-0.1012265533 0.0987707973 0.0133211268 
-0.2542972267 -0.2246888429 -0.0507659689 
matrix_stopped
in_layer_stopped
in_layer_started
matrix_started
0.2151591480 0.3432475626 -0.1213080734 
0.2600361407 0.1559787840 0.1205930337 
0.1285058409 0.1491503865 0.2443783134 
matrix_stopped
matrix_started
0.2732255757 0.1268145442 0.0748033598 
0.2078872770 0.0668561310 -0.0136382729 
0.1180640757 0.1239185259 0.1273642331 
matrix_stopped
matrix_started
0.1272131652 0.1270031929 0.0703192726 
-0.0761695802 0.0334321596 -0.0898576230 
-0.3401493728 -0.2615778744 -0.1348178983 
matrix_stopped
matrix_started
-0.3190543354 -0.1096688882 -0.1468147933 
-0.3537230194 0.0572898872 0.0041290754 
-0.0576431789 -0.1905074567 -0.0200097933 
matrix_stopped
matrix_started
-0.3641331494 -0.0628350005 0.0620224662 
-0.0690828711 -0.1361501068 -0.0122092459 
-0.0878993794 -0.1698886156 -0.2076199502 
matrix_stopped
matrix_started
-0.0692497045 -0.2646783590 -0.3160474598 
0.2024085075 -0.1269328892 -0.2201607376 
0.0838621557 0.1865824312 -0.0511147566 
matrix_stopped
matrix_started
0.1159179285 0.2341314852 0.2362603545 
-0.1277047545 0.1192453578 0.1073016748 
-0.0099644624 0.1523756832 -0.1433651447 
matrix_stopped
matrix_started
-0.3582120836 -0.2389447838 -0.1924845725 
0.0907970592 -0.1854168773 -0.1336305439 
0.0138490638 -0.0037219662 -0.1193945855 
matrix_stopped
in_layer_stopped
in_layer_started
matrix_started
-0.2184861898 -0.0734056160 -0.2028149366 
-0.2508461773 -0.1611424983 -0.0595392436 
0.0702417195 0.1139959395 -0.0249442384 
matrix_stopped
matrix_started
0.2377443761 0.1700622588 0.0153519036 
0.1409638226 0.2071268708 0.0565715432 
0.1845346093 0.1476411521 0.0583134070 
matrix_stopped
matrix_started
-0.5160234571 -0.3707025349 -0.3969606757 
-0.4810267389 -0.2714466453 -0.7083036304 
-0.2527939081 -0.3165292442 -0.4647924900 
matrix_stopped
matrix_started
0.0239579920 -0.0580761507 0.1149222329 
-0.1946645379 0.1223871559 0.1098049209 
-0.3507734835 -0.2495589405 -0.0341777168 
matrix_stopped
matrix_started
0.2072320729 0.1359581351 0.1241837963 
0.1825732440 0.2494506240 0.0577416122 
0.0560789071 0.0810500681 0.0476771221 
matrix_stopped
matrix_started
0.2718779743 -0.0489997268 -0.0939416662 
0.0567588434 -0.0958383158 -0.0548474453 
0.1283186525 -0.0263632592 -0.0324050076 
matrix_stopped
matrix_started
-0.1690275073 0.1809570342 0.0879270807 
-0.3206951320 -0.1389795691 0.0785455480 
-0.1716784984 -0.0154097546 -0.0730553493 
matrix_stopped
matrix_started
0.2827413380 -0.1628773361 -0.3598938584 
0.2540147603 -0.0191391632 -0.1895000339 
-0.0111485803 0.1731013507 0.0440637730 
matrix_stopped
in_layer_stopped
in_layer_started
matrix_started
0.1463815272 -0.0953573883 0.0451773107 
0.1404214948 0.1029487103 0.0420090556 
-0.2221949100 -0.0982357860 -0.0990110636 
matrix_stopped
matrix_started
0.1158223078 0.1440203190 0.2738383114 
0.0727354959 0.0265627224 0.2062179744 
-0.1107957438 -0.0786151737 0.0545052402 
matrix_stopped
matrix_started
-0.1140147075 -0.2575163245 -0.2850649357 
-0.2838915884 -0.1194375753 -0.0794978365 
-0.2522838414 -0.2158598453 -0.2598053515 
matrix_stopped
matrix_started
-0.1806610823 -0.2153961062 0.1271876097 
-0.2378557026 -0.1232902855 -0.0174009819 
0.1114171892 0.0034742779 -0.0402109250 
matrix_stopped
matrix_started
0.0545178019 -0.0498886965 0.2498344481 
0.0111103151 0.0434752442 -0.1223468035 
0.0506136268 -0.0137376217 -0.1897404045 
matrix_stopped
matrix_started
0.0853497684 -0.0969910249 0.0365072042 
0.1591398120 0.0276170466 -0.0931077302 
0.2064410448 0.0616971031 0.0244875196 
matrix_stopped
matrix_started
0.0759339035 0.1188596115 -0.0335613228 
-0.0598768555 0.1586166769 0.2420189977 
-0.0008544317 0.1784027517 -0.0671213195 
matrix_stopped
matrix_started
0.0683141202 0.1203316450 -0.2347199023 
0.0001826785 -0.1246623471 -0.0530579463 
-0.0149944760 0.0244110171 0.0980607867 
matrix_stopped
in_layer_stopped
in_layer_started
matrix_started
-0.3888289332 -0.2917546630 -0.1918707192 
-0.1627378762 -0.3867844641 -0.4555064440 
-0.4951037467 -0.3446168005 -0.0851885229 
matrix_stopped
matrix_started
0.1380233914 0.1233765408 -0.1823193133 
-0.1128061414 -0.0777839124 0.0854730457 
-0.4281104505 -0.2254804820 -0.1563799977 
matrix_stopped
matrix_started
-0.0444105677 0.0633808002 0.0705927908 
-0.1303124279 -0.1017292887 -0.0793983638 
-0.2268171310 -0.2042042613 -0.1918161660 
matrix_stopped
matrix_started
0.0144444909 -0.1045354679 0.1933906972 
0.0984158441 0.0818184316 0.1793387234 
0.2195595056 0.1191427335 0.1581608057 
matrix_stopped
matrix_started
-0.1983634531 -0.0097028315 0.1669882238 
0.1524249613 0.0640734434 0.3007132411 
0.1103593186 0.1365258098 0.0286911316 
matrix_stopped
matrix_started
0.0210357457 -0.0206889194 -0.1471482962 
0.1161644831 -0.0678816885 -0.2124830186 
0.0945120826 0.0034186640 -0.2284583151 
matrix_stopped
matrix_started
0.3314840496 0.2876145542 0.0951244012 
-0.1119383276 -0.0647854432 -0.0964686051 
-0.2205862254 -0.2575721145 -0.1549749374 
matrix_stopped
matrix_started
-0.1601747274 -0.2906219959 -0.1242744476 
0.1625171751 -0.2005292624 -0.2524793148 
-0.1330223083 -0.1499174982 -0.1866751909 
matrix_stopped
in_layer_stopped
kernel_stopped
