-0.4755085111 -0.2770325541 0.0497383848 -0.2589591444 -0.2349570692 0.5186440349 0.5645903945 -0.3937620819 -0.2389313132 0.5070030689 0.6455613375 -0.5541204214 0.8113937974 1.0159713030 -0.2427752167 
-1.0083751678 -0.3329913914 -0.2885919511 -0.3194741607 -0.3957547247 -0.3395838439 -0.2577109337 -0.4741035998 -0.3781527281 -0.3172744513 -0.3398336470 -0.3283313811 -0.3080858588 -0.3779822886 -0.3136559725 
0.1340439320 0.1659702212 1.2585983276 -0.3948875070 0.0978743285 0.0458005182 0.1652264148 0.0566538386 1.5116896629 0.2496296614 0.1781135350 0.1810698211 0.3440791965 0.3336508870 0.3009186089 
0.2936427295 -0.6827532649 0.1538481563 0.0353733115 -0.8743435740 0.0144204581 0.1215282232 0.2248787135 -0.0234380402 0.0030978648 0.3770930469 -0.2670940757 -0.8429214358 -0.0765912533 -0.4108559191 
-0.1010381207 0.1694422215 -0.1219092086 -0.3062198162 0.1774658114 -0.2220917046 -0.0228958502 0.0854382738 -0.2443853021 -0.2304673940 0.1569609344 -0.5869209766 0.2043864727 -0.9936499596 -0.9311782122 
0.7822127342 0.5075175762 0.3964371085 0.4973897040 0.6089726686 -0.4620191157 -0.2870004773 -0.2558282912 0.5857480764 -0.2622966766 -0.1815575063 -0.1620934159 -0.1908538193 0.3333303928 -0.3128090501 
-0.2119684964 -0.2705467939 -1.4416735172 0.0649587288 -0.1580049545 -0.1872008741 -0.2784262598 -1.2485390902 -0.1131583154 -0.2677976489 -0.1603722423 -0.0691706166 -0.2027235031 -0.2499544770 -0.2607891560 
0.1085486710 -0.5084789395 0.5126876831 -1.0700650215 -0.8149801493 -0.8432551026 0.4202963114 -0.8603416681 0.5547279716 0.5622815490 -0.0785407126 0.2148136199 -0.8458268642 0.3340112865 0.2827575803 
-1.0621566772 -0.1259623915 -0.1844559759 0.2698994875 0.2219086885 -0.7604247928 -0.7475147843 -0.0136246765 0.4232796729 -0.8321594000 0.2245979011 -0.2158784121 0.1472001523 -0.0562870279 -0.0537956394 
1.5460069180 0.3098033071 0.2401069850 0.2074940652 0.2833445966 0.3027110100 0.2500953674 0.4342140257 0.2982122600 0.2262625694 0.3398334682 0.2811372578 0.3226818144 0.3344026208 0.2253198475 
0.5178548694 0.7852656245 -0.0423359908 -0.5624517202 -0.6738727093 -0.7438487411 0.9569640160 -0.4640616775 -0.2414403409 0.7125796080 -0.8031930923 0.8333910704 0.4826419950 -0.9962959886 0.2980782688 
-0.7047152519 0.2713062465 -0.8351975083 0.3549670577 0.5534900427 -0.1936350614 0.0559340157 -0.4034618735 0.5150277615 0.6047125459 -0.5667117834 -1.0015394688 -0.4348026216 0.5345755816 1.0489590168 
-0.1194306836 -0.3477774560 -0.0144317960 -0.2692044973 -0.2679820657 0.3267333508 -1.9078817368 -1.5589934587 0.1170008183 -0.1105075926 -0.2873471379 -0.1028452888 -0.1535195410 -0.1071109697 -0.2814841270 
0.4376016259 -0.8022601604 0.1368679553 0.1477736533 0.5048981905 -0.0818344429 0.1000856683 0.4352723062 -0.1566472799 0.3044025600 -0.7393113971 -0.2894373536 -0.6493548751 -0.2836872637 -0.3324300051 
0.6344940066 0.4217137098 0.6951037645 0.9506647587 0.6170887351 -0.2464036345 -0.2250776142 -0.2949353456 -0.8687320948 -0.3047019839 -0.3511036038 -0.9628497958 -0.4725983739 0.6695166826 0.9594297409 
0.9520077109 -0.1216021851 -0.0271888450 0.0039357375 0.9666397572 0.8668353558 0.6911781430 0.0992675573 -0.4224950671 -0.4018390477 0.0409988873 0.1217123121 -0.0189489163 -0.0133941779 0.0392644852 
-0.1773166060 -0.2079260945 -0.0564604998 1.3295332193 0.1546084136 0.9897502065 -0.2747954130 -0.0821949020 -0.4214926064 0.7324563265 -0.2147997767 0.1439718455 1.1519973278 0.0018362892 -0.0141548300 
-0.4291109443 0.0445804447 0.3281918168 -0.9803282022 0.2183730751 -0.9555859566 0.5417879820 0.2184827626 0.6278760433 -0.3703010380 -0.7813311219 0.5205948949 0.6546305418 0.1629796326 -1.2410951853 
0.4202345312 0.4803019166 0.3973191381 0.4469071329 0.4453403652 0.3776157498 0.4138865173 0.4444614053 0.4045574367 0.4141876996 0.4354155660 0.3257441521 0.4468550086 0.3902424872 0.4284979105 
-0.4039919674 -0.4553856254 -0.4316638708 -0.4835597277 -0.4440268874 -0.3661196828 -0.4332201183 -0.4562793672 -0.3761897385 -0.4196990132 -0.4320392013 -0.3770214021 -0.4501968920 -0.4364352226 -0.4286299050 
-0.1308300793 -0.1048596129 -0.2229098678 -0.3075828552 -0.0982157513 -0.3560549319 -0.2582992315 -0.0357947759 -0.3035155535 -0.2060167491 -0.0875096843 -1.2138319016 -0.0076781209 0.4868667424 -1.0812140703 
-0.1018223241 -0.4379901588 -0.2756200433 0.0132079627 -0.2367484421 0.1126129329 -0.1077465266 0.7659492493 0.1910668015 -0.0801871568 -0.5888752341 0.2312790304 0.8847673535 0.5850676298 0.7117357254 
-0.5421149731 -0.4287249446 -0.3961766660 -0.5163617730 -0.4813846946 -0.3381791711 -0.4054258168 -0.4464721084 -0.4891982675 -0.4177802801 -0.4219814539 -0.3371872008 -0.3702562749 -0.3777363598 -0.3700408936 
0.0759800375 -1.2067476511 -0.0182078630 -1.0225356817 0.1337147355 0.0970771089 -0.0600321591 -0.0294326525 -1.0339486599 -0.0796165094 -0.1340412050 -0.2153177410 -0.1849785894 -0.1445422322 -0.0131713441 
0.1783955693 0.1293501556 0.1818766147 0.2624115348 0.3365524113 0.2867732942 0.3412339091 0.2848471403 0.3700230718 0.0748511925 1.1835381985 -0.4246399105 0.0579886399 0.1494284272 1.9570568800 
-0.0981746539 -1.2729895115 -0.2341697216 -0.0832275897 0.1057412252 -0.1998297721 -0.1283244640 -0.0766400546 -0.2602134347 -0.2087580264 0.1017014980 0.3776116371 -1.1949908733 -1.5670121908 0.0728434324 
-0.0277854148 -0.1925253719 0.1885163635 1.0087903738 0.1445409209 -0.1695777327 -0.0579810776 0.9915241599 0.9333971143 -0.0985260904 0.0824549943 0.0285969879 0.1806947291 0.1785043776 0.1291686594 
-0.0522569679 -0.2096175253 0.1342466474 0.3162154257 0.1240975857 -0.8959306479 -0.7642827630 -0.0329097062 -1.2233208418 0.0339132808 -0.1300412863 -0.2159119397 -0.1653487980 -0.0521634184 -0.2767125964 
-0.2132459134 0.0111029791 0.8725644946 0.8384514451 -0.2800712883 1.3961458206 -0.5368016958 -0.3164087832 0.6102943420 -0.3950846195 -0.0727188811 0.1978458762 0.1659685373 0.0920506567 0.1414956301 
0.1359117329 0.0902724713 0.0962463245 0.3175257444 -0.0143967113 0.1970422566 0.1198557019 -0.0948900655 0.2651407719 0.0369481556 1.2676533461 1.1282545328 -0.2445301265 0.9393198490 -0.6362560987 
0.8910809159 0.5802766681 -0.5590564013 -0.6009670496 -0.8248430490 -0.0125331115 -0.4269800782 0.6266285777 0.0073429090 -0.5929155350 0.3628367186 -0.0167863742 0.1380948424 0.2090590000 0.0957027599 
0.1433400512 -0.1182019562 0.1441492438 0.2786293924 -0.1471480280 0.2788163126 0.0536944158 -0.0984420180 0.2405236959 0.1963535696 -0.2319617122 0.5518720746 -0.1799340695 1.0231734514 0.9344986677 
0.9719784260 0.9536339045 0.9922488928 1.0050046444 -0.2501101792 0.0566125698 0.1505162120 -0.0727111623 -0.5854671001 -0.0745829716 -0.0328555591 0.1747045666 -0.0059008040 0.1610122174 -0.1322563291 
0.1947937906 0.3376228809 1.5172250271 0.0063721519 0.2215290815 0.2538416386 0.3086560071 1.1641175747 -0.1007912233 0.2707486749 0.1963529438 0.0508546792 0.2935947180 0.2536197603 0.2456074357 
0.3371489942 0.2032419741 -0.9644118547 0.5547823310 -0.8112249970 -0.7262733579 -0.5868905187 0.3185565174 -0.5645387769 0.3719539344 0.0020629761 -0.0347024053 -0.1318818182 0.0855856538 -0.1257115155 
0.0476258136 0.2752734721 0.2253160328 0.1220490336 0.3912427723 0.1468273252 0.1310992688 0.2524032891 0.1843793988 1.4724479914 1.3117463589 0.2197185904 0.0308885854 0.1721723676 0.1479096115 
-0.4843421876 -0.1293907166 -0.1433634013 -0.2975513339 -0.0691172034 -0.3318326175 -0.2252939939 -0.0760210305 -0.2808349431 -0.1865350753 -0.0248166174 -1.1596649885 0.0322901234 0.3871404827 -0.9975737929 
0.1185897216 -0.1713463813 -0.0084588286 0.3826820850 1.3554623127 0.0869041160 -0.0567527674 0.0164430104 0.1331284940 0.3469571471 -0.0663187504 1.1544324160 -0.0382398516 0.9407817721 -0.5876713395 
0.5356259942 0.3380573988 0.4511664808 0.4506177604 0.4496591985 0.2776817083 0.3620727956 0.3874739408 0.3765590191 0.2828474939 0.6159113646 0.2635773122 0.5662940741 0.4039086699 0.3019220829 
0.1299578995 0.3056364954 0.2310821265 0.3094670773 0.2192573845 -0.1304730922 1.7296434641 0.2045865059 -0.0564239584 -0.0689297318 1.5888917446 0.2558872998 0.0495165996 -0.0132406307 0.1349915713 
-0.3265144527 0.7119272947 -0.7392421961 -0.5933011770 0.3157860041 -0.6723107696 0.7446678877 0.6432933211 0.8256101012 -0.2241032422 -0.3865489066 0.4565673172 -0.5555827618 0.3502096534 -0.5012127757 
-0.4592145979 -0.3581575453 -0.4120128453 -0.3624792397 -0.4350871146 -0.3256433010 -0.3783237934 -0.4219630063 -0.3744787276 -0.3850732744 -0.3549323380 -0.4145837724 -0.7512606978 -0.3567898273 -0.3557061553 
0.4879621565 -0.5706865788 0.5179128647 0.3713546693 0.0282906685 -0.7631366849 -0.4390252233 -0.5669488311 0.7160493731 0.5698174834 0.6153931618 -0.1681832820 0.7956137657 -0.0155342575 -0.3435856998 
0.6459595561 -0.5302233696 -0.3096611202 -0.0813440457 0.5891704559 -0.6845018864 0.9684131145 -0.4530199468 -0.3485137820 -0.3736745417 -0.6248617768 0.1514362246 0.6430554986 0.2483674139 0.3420253992 
-0.4719690681 0.7665334940 0.6850779057 0.5463100672 -0.4267978370 -0.6946182251 1.1211543083 -0.3410103619 0.3321430683 -0.2860901356 -0.1120121405 -0.2477808297 -0.1876275241 -0.1468555629 0.8264771700 
0.4835186601 0.2767902911 0.8287481666 -0.7370188236 0.2045897245 -0.1919991225 -0.5066486597 -0.8591941595 -0.5474586487 -0.5640127063 0.3002298176 0.0317752361 0.3500499725 0.0740566179 -0.0311692152 
0.4220449328 0.6627213359 -0.7461986542 0.3057359755 -0.7985033393 0.1833973974 0.3393506110 -0.5723640323 0.3243602216 0.2525489926 -0.5877506137 -0.0306135844 0.7156654596 -0.4796974659 -0.4404186010 
0.2140496820 0.0810830593 0.1750281900 0.2439651936 0.2090697885 -0.5782371163 -0.4929812849 -0.8486593962 0.4472557604 -0.7855215073 0.4336584806 0.6578472853 0.4288070202 -1.2283202410 -0.3614700735 
-0.8464190960 -0.5586010814 0.1988429874 0.3119235039 -0.9901252985 0.2392403036 0.0850453302 0.0652083084 -0.0331220850 -0.5304701924 0.3668581843 0.6650771499 -0.8844423294 0.2688187361 -1.0785773993 
0.4299871624 0.6010617018 -0.6285635829 -0.8359256387 0.2266825736 0.4900437593 0.1699516475 -0.3014859259 0.6038268805 -0.9398301244 0.6704210639 -0.6408579946 -0.6461678743 0.7896897793 -0.3479277492 
-0.0507618673 1.2557055950 0.1146538556 -0.0300961006 1.0548036098 1.4878395796 -0.0528041162 0.1708965302 -0.0504931770 -0.1114730462 0.2678959370 0.1809197068 0.0309316646 -0.0832988545 0.0621628091 
-0.6426825523 0.4972899556 -0.3123499155 -0.1420892626 0.7738730907 -0.1284030229 -0.2581492066 -0.4700538814 -0.0356641337 -0.2962161899 0.6498827934 0.1179849058 0.5470044017 0.2017216235 0.1991665810 
-0.0793149769 1.4979614019 0.2079918236 -0.1892202795 0.1512776911 -0.0850205868 0.1463955939 0.1948457360 0.1068547815 1.4288930893 1.0956177711 0.1532184035 -0.0928211808 0.0354863405 -0.0955063105 
-0.4614481628 0.6417540312 0.7871865034 -0.5407825708 0.4396672845 -0.0958899483 -0.2763882875 0.5952528119 -0.5379694700 -0.0340333506 -0.5315907598 0.1065332815 -0.7736250162 0.4358375072 0.3645251989 
0.2770534158 0.1978940070 -0.9470497370 0.5908997059 -0.8355255127 -0.7373037338 -0.5718035102 0.2728587687 -0.6273648739 0.3310284317 0.0533632375 -0.0026617502 -0.1446360648 0.1258662939 -0.1053767353 
-0.1514166445 0.0260058381 0.2769969404 0.0250044912 -0.1729006618 0.9223962426 0.7740027308 -0.1602955908 -0.1701990813 -0.4102133512 -0.0604847148 -0.4478494525 1.0343810320 1.2759456635 0.0088312263 
0.1765121073 0.3432362974 0.3708905280 0.1294707358 0.3908526599 -0.0629734471 0.3036912978 0.2811865211 0.3010109067 1.9530264139 0.1176363155 0.3150362372 0.5048837066 0.3229468465 0.2735235989 
-0.2369984239 -0.1505130082 -0.0753970966 -0.1536002010 -0.4056206048 -0.2453765124 -0.2703428268 -1.3942877054 -0.2925418913 -0.1597627550 -0.1832284480 -0.0242093615 -1.4125661850 -0.1235673726 -0.1608194858 
-1.0756915808 0.1867884845 0.4645740986 -0.9703128934 -0.1511739343 0.1392969638 0.0954742134 -0.2288385779 -1.1111320257 0.0891250595 -0.4964014292 -0.1627459377 -0.1177674755 -0.3362333775 -0.0559162572 
0.0455875397 -0.0293429289 0.0157835968 0.4837787747 1.5607368946 0.0935300961 0.1309381276 0.1588705778 0.2039162368 0.2894004583 0.1306299716 1.5159479380 0.1030825749 -0.4450395405 -0.0044636424 
-0.6858898997 0.3578589857 0.5619523525 0.7695811987 -0.8509091139 -0.2635135651 -0.2268770486 0.1287505478 -0.9845246077 -0.7297061086 0.3500079215 -0.0038237770 0.2009006292 0.1143429205 0.0905351788 
0.2445329428 0.1533729434 0.2864570320 0.3671645820 0.0016502028 0.2977858186 0.1604429185 0.0313594155 0.2572568655 0.3215639293 -0.0155696701 1.3596043587 0.0304698385 1.1510325670 -0.5974786878 
-0.4208644032 1.0372972488 -0.4589101374 0.4014689326 -0.3294785321 0.8543987870 -0.8139654398 0.7645501494 0.5973424911 0.6600830555 -0.3315722644 -0.0171103701 -0.3238824904 -0.1063716412 -0.1900760829 
-0.2016497552 -0.2298003286 -0.2327010334 -0.0291951932 -0.0548532195 0.0609927326 0.0202784203 0.7526543140 0.1808547825 -0.2980212271 0.7687848210 0.4819732606 0.7880378962 -0.4554713666 0.6066964269 
