bias_started
-0.0519489720
-0.0691897348
-0.0292883422
-0.0311904103
0.0153243765
-0.0690891370
-0.0854807273
-0.0763083100
-0.0643133745
-0.0669363588
-0.0524964146
-0.0806827694
-0.0880518556
-0.0758834109
-0.0449190773
-0.0868780166
-0.0914731398
-0.0709681213
-0.0730617642
0.0939922705
-0.0765578300
-0.0632916316
-0.0673820823
-0.0765459612
-0.0382387675
0.0250208639
-0.0460192673
-0.0491265133
-0.0886358172
-0.0587106012
0.0050533242
-0.0589756891
bias_stopped
