bias_started
-0.1243032664
-0.1436980069
-0.0274493787
-0.0698691830
-0.1867893487
-0.1727659255
-0.1355138719
-0.0329505689
-0.0484106503
-0.0656212196
-0.0774387792
-0.0415162221
-0.1382187605
-0.1684928536
-0.1293352693
-0.2370539159
-0.1737813205
-0.0155482460
-0.0787159503
-0.1144736931
-0.1388006210
-0.0304328129
-0.1204522550
-0.0474350117
-0.0831207559
-0.1664371341
-0.0354122259
-0.0390273295
-0.0961290225
-0.0166991819
-0.1220524311
-0.1339861602
-0.0824317262
-0.0248365775
-0.0509295389
-0.0843109190
-0.1458696872
-0.1605643928
-0.1051335484
-0.0609069988
-0.1484313607
-0.1100007966
-0.1215461791
-0.0323778689
-0.1146750078
-0.1370087415
-0.1252129227
0.1026685163
-0.1349883676
-0.0912639275
-0.0836837888
-0.0756770521
-0.0441381074
-0.0591140091
-0.0674477220
-0.0574331991
-0.0430778377
-0.0462560020
-0.2268342674
0.0401296839
-0.0315309390
-0.0782691836
-0.0948554948
-0.0926319435
bias_stopped
