bias_started
-0.0614851564
0.0355734229
0.0215708874
-0.0545188375
0.0720321238
-0.0042110034
-0.0020379408
0.0409549437
0.0572676286
-0.0016336789
0.0638182536
0.0608913526
0.0283262935
-0.0076154363
-0.0382712111
0.0959113166
0.0152518703
-0.0075508216
0.0478965193
-0.0313256159
-0.0027179301
0.0510971285
-0.0230057389
0.0300625265
0.1289201379
0.0018915306
0.0798721239
0.0248672813
0.0320349559
0.0846868083
-0.0722272620
-0.0182129946
0.1331254393
-0.0455634072
-0.0164710321
-0.0232478492
0.0330317132
-0.0215784628
0.0797010809
-0.1602365375
-0.0306641497
-0.0078429785
-0.0558260828
-0.0053453497
-0.0549730211
-0.0236340370
-0.0028223163
-0.0302900542
-0.0120374262
-0.1799546033
-0.0082205962
-0.0156031819
-0.0418358408
-0.1358181685
0.0584451109
0.0141269499
-0.0315466784
-0.0038344944
0.0062493295
0.0114357965
0.0039818580
0.0231731758
0.1246560439
0.0103512332
-0.0204504468
-0.0058990167
-0.1037887856
0.0254529081
0.0542755872
-0.0005099474
0.0141294263
-0.0151374741
0.0484737903
0.1114182249
0.1282282025
0.1431001574
-0.0185010992
0.0362789296
0.0777938962
0.0125057278
-0.0390422754
0.0315037891
0.0037375395
0.0450256802
0.0303920507
-0.0361870117
-0.1172057167
-0.0106556816
-0.0665900707
0.0286730547
-0.0080450587
-0.0443775319
0.0068163108
-0.0050487933
-0.0747953206
-0.0426055081
0.0119343502
-0.0003491329
0.0082245842
-0.0135209961
-0.0251338743
-0.0113675185
-0.0703734979
0.0059712310
0.0348608196
-0.0221611448
0.0258254595
-0.0416489355
0.0345640108
-0.1279941797
0.0827550590
0.0821688250
-0.0029334873
-0.0130671356
0.0245248787
0.0197999552
-0.1125486717
0.0678934902
0.0133883478
-0.1264213920
-0.0267007295
0.0208369922
0.0485941581
0.0056384648
0.0328207165
0.0034936720
-0.0378989838
-0.0022201214
bias_stopped
