kernel_started
in_layer_started
matrix_started
0.3192507923 0.0936926231 -0.0260047987 -0.1017338037 -0.1781523377 0.0198846329 -0.0165380258 -0.0993132219 0.1427069753 
0.1318510473 -0.1958597749 0.1235443130 -0.0882254168 -0.0375993438 -0.0772382617 -0.1015523374 -0.0209815167 0.1771739721 
0.1982664168 -0.1918066889 0.0450645313 -0.1241941974 -0.0986528248 -0.1067041308 -0.1750086099 0.0512363799 0.0802669525 
0.2839118242 -0.1277779341 0.0541029461 0.0131977331 0.0741744936 -0.0754562244 0.0187347699 0.1062843874 0.2642005086 
0.2408009022 -0.0246129595 0.1336012036 0.0469096564 -0.0164763797 0.0520574041 0.0347635746 0.0404511616 0.0423381813 
0.1288907975 0.2369972318 0.1230107769 0.0970603228 -0.0426347367 0.0608377233 -0.0097434586 -0.1073148027 -0.0603652149 
0.1598220468 0.1026099175 0.0909931287 0.0314340442 -0.0604091063 -0.0741876215 0.0317699946 0.0301797036 -0.0677543655 
-0.0134602776 0.2566322982 0.1606943905 0.0250212923 -0.1547427922 -0.0818307549 -0.0359882265 -0.1213874891 -0.1170662791 
-0.0527269691 0.0925196856 0.3056774735 0.0254768692 -0.0809119791 -0.1179176122 -0.2361066788 -0.0439859331 0.0353371315 
matrix_stopped
in_layer_stopped
in_layer_started
matrix_started
-0.0994172096 -0.0472563431 -0.0190842450 -0.1055891365 -0.0964047909 -0.0770245641 -0.0236141067 -0.0856148973 -0.1266532689 
-0.0280240495 -0.0233765282 0.0716106743 -0.0239521638 0.0528498963 -0.0368103124 0.1114620492 0.0943517312 -0.0705690309 
-0.0105651580 0.1050246432 0.1660109758 -0.1354361475 0.1824682504 -0.0779599249 -0.0319326967 -0.0239237919 -0.0518046580 
0.1242127195 0.1558256745 0.0397787951 -0.0655814037 -0.0315290317 -0.0076106503 -0.0086110318 -0.0079367422 -0.1100652888 
0.0288387910 0.0573293455 -0.1141261235 -0.0470531099 -0.0709878132 -0.0052166572 0.0582796521 -0.0951383039 0.0471774153 
-0.0082740476 0.0051501580 -0.0090926588 -0.0821853131 0.1043388546 0.0518728048 0.1514614969 -0.1083367243 -0.0942118913 
0.1345619857 0.0463144667 0.1848051846 0.0421574190 0.1206807792 -0.0145750251 0.0362756550 -0.0542508364 -0.1264308989 
0.0160531737 0.1175398827 0.0210097078 -0.1083299667 0.0901180953 0.0629940256 0.0121441167 -0.0879567564 -0.0194274131 
-0.1326453686 0.0636674985 0.1507520378 -0.0194793232 -0.0198896471 -0.0487808064 0.0932652354 -0.1363188475 0.1031676531 
matrix_stopped
in_layer_stopped
in_layer_started
matrix_started
-0.0893571675 -0.0650373921 -0.1072037816 0.1024618894 0.1040401906 0.0021666037 -0.1088189036 0.3576341867 0.1903824806 
-0.0168846454 -0.0826098695 -0.0009937480 -0.1761660874 -0.0035826669 0.0189753082 0.2423907667 0.1395240426 0.2423668504 
-0.1225817055 -0.0925001353 0.0813441873 0.0088193184 -0.1235251054 0.1279623210 0.2094115615 0.0800233632 0.1494018286 
-0.2613297701 -0.0740247518 -0.1125671417 -0.1220340356 -0.0794302970 0.0522624888 0.1338445097 0.0336389542 0.0994977131 
-0.1621545255 -0.0879692137 -0.0985245556 -0.0645732209 0.0922829658 -0.0524662845 0.1558009237 0.1615134627 -0.0529830679 
-0.1397320926 -0.1259814054 0.0605607033 0.0739279836 0.0031464456 0.0337173305 0.0845927596 0.1834853888 0.1075633690 
-0.0042517590 -0.1389184445 -0.1778517067 0.0786601081 -0.0034434858 0.1771861166 0.0916070342 0.3378553391 0.2125440091 
-0.1401872039 -0.0915336087 0.0972907692 -0.0861390010 0.1705636084 0.0603735931 0.1439151317 0.2177895606 0.0932362229 
0.0435605943 -0.1210769042 -0.1013165489 0.0518091358 -0.0685778484 0.1737251878 0.1681404710 0.1117984727 0.3120312095 
matrix_stopped
in_layer_stopped
in_layer_started
matrix_started
-0.1636458188 -0.1040341929 -0.0627142936 -0.0231680106 -0.0213998109 0.1604349911 -0.1577860266 -0.0905767158 -0.1961681843 
-0.0183340684 -0.0470507592 -0.1386966109 0.0926798135 0.1176791564 -0.0240873266 -0.1466063112 -0.2195793390 -0.2459216565 
-0.0043254346 0.0681916177 0.0092457263 0.0207171161 0.0597109683 0.0913918987 0.0163336713 -0.2413449883 -0.2277169377 
-0.0010561711 0.0248267725 0.0417247489 0.0371704958 0.0872311369 0.0807220042 0.1590045393 0.0222770460 -0.1750797629 
0.2539378703 0.2524062097 0.0345663801 0.1485609710 0.0652614310 0.2125548273 0.1783090383 0.2131790221 0.1472295672 
0.1421529800 0.0427949950 0.1136348471 0.0013892411 -0.0148142939 0.1591498256 0.0287581738 -0.0083513046 0.0031405452 
-0.0437369719 -0.0674126670 -0.0631418899 -0.1756925285 -0.0704342201 -0.0185813699 -0.0565612353 -0.2405034602 -0.1951853335 
0.0894453451 0.1498384774 -0.1156423092 0.1429806650 0.1744537503 0.2976156473 -0.0239282660 -0.1106242612 0.0379218608 
0.2592722476 0.1809514463 0.1789811999 0.2119362652 0.2560089529 0.3496343493 0.1403823346 0.0161896832 0.1287197620 
matrix_stopped
in_layer_stopped
in_layer_started
matrix_started
0.0997777060 -0.0741407722 -0.1370180398 -0.0924195498 0.0523597188 0.0446037054 0.2537675202 0.0325855725 0.1805360913 
-0.0904331729 0.0196723882 -0.1677388549 0.0053082788 -0.0316030048 0.1321402490 0.3395945132 0.0417897142 -0.1755313277 
-0.0056768926 0.0777455792 -0.0297598206 -0.1057705656 0.0566852540 0.1480393708 0.1430059671 -0.0662065372 -0.0576289743 
0.1943620592 0.0059483103 0.0294207521 0.1045203432 0.0488211252 0.3707187772 0.0517586507 -0.0981763378 -0.1224532127 
0.0978919044 -0.0721203759 0.1887346059 0.1219985783 0.1633058637 0.0190642904 -0.1011317745 -0.1747389883 -0.1903402060 
0.1674465537 0.1561574638 0.1063829884 0.0967208371 0.0918761790 0.0059251483 -0.0884726122 -0.1412050575 -0.2598901689 
0.2589486241 0.2353390157 -0.0216665175 0.1399274319 0.0351428017 -0.0204959922 -0.1294251382 -0.2065777332 -0.0628086030 
0.4533703029 0.0394520611 -0.0431880467 -0.0590851456 0.0811738372 -0.1446501613 0.0273860227 -0.2423484772 -0.0650798753 
0.2508415580 -0.1521665752 -0.0206591804 -0.0528586693 0.0963911861 0.0282569993 0.0837684050 -0.1395420283 -0.1192456558 
matrix_stopped
in_layer_stopped
in_layer_started
matrix_started
0.0525298193 -0.0284376740 0.0082885353 -0.0396824256 0.0384204425 0.1899114996 -0.1233617812 -0.0820548013 -0.0153230848 
-0.0162353981 -0.1151978374 -0.0521882325 0.1256652325 0.1601481587 -0.1507960707 -0.0116470233 0.0654598624 -0.0522059947 
-0.0260979161 0.0296041109 0.0401913114 0.3234175146 0.1259948909 0.0138758710 -0.0060988967 0.0412753783 -0.0451906100 
0.0893191770 -0.0348843560 0.1315668821 -0.0076095397 -0.0321077742 -0.0398908034 0.0636839494 -0.0553057417 -0.0887167305 
0.0684215128 0.2868671715 0.1309422702 -0.0696640611 0.1248967126 -0.0943875089 -0.0607558973 -0.0649239942 0.0503262393 
0.0314884260 0.1483172476 0.2234780937 -0.1073846146 -0.1856397688 -0.0875181705 -0.1212032214 -0.1622181088 0.1531747580 
-0.0566553622 -0.1502715498 0.0422022194 -0.0104316762 -0.1287104040 -0.0491918884 -0.1229415759 0.0420158952 0.1730023175 
-0.0214833934 0.0402073525 0.0288304947 -0.0570775196 0.0416164435 -0.0212627240 0.1283839792 0.0736783817 0.0375630930 
-0.1533201784 -0.1873821169 -0.1063040122 -0.0611057729 0.0125072682 -0.0517541207 0.0772408396 -0.0446154848 0.0208469387 
matrix_stopped
in_layer_stopped
in_layer_started
matrix_started
0.0027191273 -0.0863980725 -0.0533787720 0.0165731739 0.0105599221 0.0131202284 0.0199350361 -0.1738673896 -0.1170063317 
0.0479698852 -0.0047628577 -0.0187557545 -0.0941621214 0.0796855241 0.0042200871 0.0477569923 0.1462098509 -0.0387127474 
0.0080168098 0.0186710656 -0.0740001351 -0.0936352909 -0.0518024303 0.1037312895 0.0640601292 0.0486389734 -0.1523627341 
-0.0654117838 -0.1136379391 -0.0553047583 0.0745078996 -0.0058798231 0.0720530525 0.0135224378 0.1792156100 -0.0381480940 
0.0481635146 -0.1310082972 -0.0038253127 0.0216357764 -0.0733741373 -0.1210541427 -0.0267262999 0.1223754957 -0.0270649288 
0.0679780021 0.0394743122 0.0361144021 0.1243509054 -0.0270130988 -0.1104080305 -0.0167711824 0.1099119410 0.0726219937 
0.3363624811 0.1519186348 -0.0096280528 -0.1137060523 0.1699453890 0.1736932844 0.1269883811 0.1480101347 0.3773576021 
0.0055146734 -0.0471985079 -0.1483616382 0.0682483688 -0.0370440334 -0.0383831821 -0.1963534057 -0.0707619563 0.1613399386 
-0.0816158354 -0.1571364552 -0.1206017509 -0.1860409826 -0.0481644124 0.0473408215 0.0500815995 -0.1405870020 0.1898032725 
matrix_stopped
in_layer_stopped
in_layer_started
matrix_started
0.1692186892 -0.0528015755 -0.0523942411 0.0875471383 0.0184883978 -0.1278937459 0.0328627117 -0.1547806114 0.1773628145 
0.1462909281 0.0940781310 -0.0708972588 -0.0564373918 -0.0751717240 -0.0110524241 -0.1234856397 0.0787450224 0.3164750636 
0.1671137810 0.1339014769 -0.1327450573 -0.0752344504 0.0376076512 -0.1552027464 -0.1826904863 -0.0936589539 0.3119042218 
-0.1292505264 0.3528490365 0.1527651548 -0.1398228407 0.1546930671 0.1828386337 0.0467941351 0.0876951069 0.1752207577 
-0.1141823083 0.1932069212 0.0925235599 0.0730536580 -0.0218351334 -0.0993205830 0.0727424175 0.0578526966 0.3799995780 
-0.1453945637 0.1330432594 -0.0355797783 -0.0711087435 -0.0107204970 -0.0639525428 -0.0008412126 0.0121039664 0.0714251101 
-0.0808744207 0.0357298888 0.1500362307 -0.1472212523 -0.1258609891 -0.1511113644 -0.1381874084 -0.0355602652 -0.0388632193 
-0.0969894603 0.0166535173 0.0594822541 0.0924711227 -0.0332702473 0.0361809656 0.0221718885 0.0377794206 -0.0666493773 
-0.0154257454 -0.0591634586 -0.1119762957 -0.0465557165 -0.1069554090 -0.1688205749 0.0546176732 -0.0326016992 0.1150878519 
matrix_stopped
in_layer_stopped
in_layer_started
matrix_started
-0.1355769932 0.1952228546 0.0560184717 -0.0698271766 0.0712163746 0.1316896379 0.0914502218 0.0347245485 0.0361723229 
-0.1526535898 0.1249196306 -0.1467046142 0.1924345046 -0.0603690334 -0.0965829715 -0.0784864500 -0.1008912623 0.0605172254 
0.1301055104 0.1342998892 -0.0706188679 0.0420151167 0.1733310968 0.0197756067 0.0095281936 -0.1524290591 0.1275752336 
-0.0642358959 -0.1378632635 0.3375959098 -0.0638302490 -0.1924239397 -0.0253098607 0.0315808915 0.1235334054 0.0842805579 
0.1613625139 -0.2288247198 0.0756425411 -0.0592343546 0.0747962147 -0.1529359668 -0.1712231636 0.0352699943 -0.0660288408 
0.0222272519 0.1666516364 0.2531413436 0.0992011428 0.0296112690 -0.1475431025 0.1104963794 -0.0010541858 -0.0061894730 
0.0213398654 0.0250221845 0.0404554121 0.0078418236 -0.1607986391 -0.0082101552 -0.1016656086 0.0682061017 -0.0243056938 
-0.0450617559 0.0056451033 0.0785502121 -0.1035884619 -0.1047268584 -0.1334433854 -0.0314343683 -0.0749396607 0.1363471150 
-0.1039117798 0.1551604420 -0.0084102452 0.0600984357 -0.1249135807 -0.1446367800 -0.0159265380 0.0127105443 0.2480902374 
matrix_stopped
in_layer_stopped
in_layer_started
matrix_started
0.1008404866 0.1074161157 0.1772055030 0.0439121462 -0.1544835716 0.1632394940 -0.0552349500 -0.0128830178 -0.1578612626 
-0.0708738640 0.1929996312 0.0818973407 0.0904199034 0.0790987387 -0.0042817709 0.1170526817 0.1667090207 0.0758902133 
-0.1200359538 -0.0597195253 0.1400907487 -0.0995084271 0.1314052194 0.0250589680 0.0435101315 -0.0136913629 0.1376843303 
-0.0294285752 0.0450534113 -0.0053599039 -0.1723933816 0.0683399364 -0.0555404611 -0.0816316605 -0.0007990336 0.0089147016 
-0.0739806071 -0.1612938493 -0.1001553461 -0.0015408117 0.0508940928 0.0666143820 0.1291963607 0.0613460056 0.2937523723 
-0.0870228484 0.0037697018 -0.1387843639 -0.0828572139 0.0381180868 -0.0815484300 -0.0139675839 -0.0014896390 0.3884509504 
-0.1678427607 0.0215230752 0.1050099507 -0.0910167843 -0.0899737477 -0.1525688171 -0.0288872365 -0.0776913166 0.0558966696 
-0.0290287156 0.0191219989 0.2143228352 -0.0141936783 -0.1045512408 -0.1153081805 0.0631967336 -0.1414391994 -0.0578466803 
-0.0864735544 0.1201265231 0.1335633099 -0.0615734905 0.0512977317 -0.1919296831 -0.0328832902 0.1584244072 -0.1774113774 
matrix_stopped
in_layer_stopped
in_layer_started
matrix_started
0.3019757569 -0.0358253047 0.1678922921 0.1082051396 0.2517324090 0.5339475274 0.2133780122 -0.0243822224 -0.0173146203 
-0.1177210733 0.0158294421 0.0418358929 -0.0176251195 -0.0086207418 0.2130748779 -0.0308034532 0.0880058035 -0.1256255805 
-0.0273688491 0.0494014397 -0.1014624760 -0.0181826483 -0.0513249338 -0.1279208660 0.2252363563 -0.1312655360 0.0364177302 
0.0439598635 -0.1397130191 -0.0490870215 -0.0073649278 -0.0641236082 0.0214544367 0.2403400391 -0.0014945876 -0.0150750391 
-0.0320592634 0.1783058792 -0.0791955069 0.0118762041 -0.1428054422 -0.0901106447 0.0289886538 0.0641225949 -0.0467025153 
-0.0105936537 -0.0853829831 -0.0070078499 -0.1268320829 -0.0907909125 -0.1139355749 -0.1065017059 -0.0010163758 -0.1006368175 
-0.0247261599 0.1400893778 -0.0365243442 -0.0794123709 -0.0789590925 -0.0243769977 0.0361003578 0.0576880835 0.1078367457 
0.1196542084 0.0168536566 -0.0481288955 -0.1441861242 -0.0996116251 -0.1019316018 -0.0505717359 0.2240904570 0.2604588568 
0.1134700179 0.2857076228 0.2232167125 0.3189074397 0.1906585991 0.2038592100 -0.0689319819 0.1917550564 0.2900727391 
matrix_stopped
in_layer_stopped
in_layer_started
matrix_started
-0.1473925859 -0.0940862820 -0.1080643013 -0.1771216691 -0.1253631860 -0.2370084077 -0.1974511445 -0.1234351695 -0.1892643422 
-0.0908245966 -0.0205921531 -0.0639983192 -0.0853086263 0.0177708175 0.0814934224 0.0509465598 0.0438111536 0.0418987051 
0.0582363196 -0.0035183863 -0.1605133563 -0.0584393367 -0.0090315603 -0.1206452921 0.0194861926 0.0443788469 -0.0419012047 
-0.1346765906 -0.0728860423 -0.0780490860 -0.0021181251 0.0989363194 0.1359752119 0.1111654639 0.0013575731 0.1195270270 
0.1100191996 -0.0510581583 0.1211614236 -0.0246446002 0.0267638247 0.0985533446 -0.0283826236 0.0911553204 0.0554874949 
0.1427668035 0.0225298963 0.0383000523 0.1348415017 0.1161027253 0.0593569241 0.0418389738 0.0240531396 0.0503410250 
-0.0071006827 -0.0438474678 -0.0579324700 0.0022389651 -0.0886921361 0.0455309786 -0.0611241683 0.0832142904 0.0281671472 
-0.0475302748 -0.0720054135 0.0246505868 0.0628953874 0.2714982331 0.2295589000 0.2118933797 0.0783322006 0.0060225558 
0.0430943109 0.0259637311 0.1292400956 0.0951139927 0.2886328399 0.1604115665 -0.0688582733 -0.0561555400 -0.1490930319 
matrix_stopped
in_layer_stopped
in_layer_started
matrix_started
-0.0567500591 -0.1083866209 0.1549302787 0.1810887754 0.0057184845 0.0396025926 -0.1291020811 -0.0543641821 -0.0753891245 
0.0188785661 -0.0509297885 0.0489987805 0.0201413669 -0.0964486003 -0.1196625456 -0.0573849417 -0.0901656672 -0.1153621003 
-0.1005437151 -0.0520568602 0.0365951583 0.1824744344 -0.0072717853 -0.1238115281 -0.0740417093 -0.0438306928 0.1735696495 
-0.0091409143 -0.0438815877 -0.0149608338 0.0544094481 0.0509393997 0.0612949915 -0.0152392685 0.0394065306 0.0193524193 
0.0067434218 0.0444837622 -0.0092508653 -0.0024208089 -0.0168963894 -0.0692516342 0.0496810116 0.0432891361 0.1441122144 
-0.0384320430 -0.0930980965 -0.1386408508 -0.0093122013 -0.1012759805 -0.0263916738 -0.1232838035 0.0054283836 0.0705461130 
0.1437208652 -0.0166560430 0.1703452319 0.0392137021 0.0634982958 0.0029947618 0.0121049741 -0.1357301176 0.0106798606 
0.1067367941 0.0714773312 -0.0670790821 -0.0705419481 0.1374758333 0.0283969678 0.1099300086 0.0337349623 0.1168028042 
-0.0253251437 -0.0008608096 0.0546066128 0.0199669190 0.0140772006 0.1199088246 -0.0290729683 -0.0595755465 -0.0894520879 
matrix_stopped
in_layer_stopped
in_layer_started
matrix_started
0.0845316872 0.1766956002 0.0049228766 -0.1534243524 -0.0389448144 -0.1802939475 -0.0692930669 -0.2226948142 0.1869848967 
-0.1071693078 0.1867493242 0.1775362045 -0.0994898900 -0.2069698125 -0.1797924638 -0.1570860296 0.0840694308 0.1144848093 
-0.1326941997 0.0494718887 0.2960146070 0.1039492935 -0.0738202855 -0.0989112556 -0.0190585386 0.0652435794 0.0980094820 
-0.0643994659 -0.0810647979 0.1061320230 0.1949390769 0.1230021641 -0.0299780052 0.0109373126 0.1781770885 0.0597644448 
-0.0609223209 -0.0992822200 -0.0996192619 0.0242609847 0.0693007186 -0.1206448451 -0.0112765990 0.0325345322 -0.1333459020 
-0.1108009443 -0.1004446894 -0.0577462390 0.1141334325 -0.1684409231 0.0576566346 0.0940386206 -0.1012551561 -0.0142931184 
-0.0619858280 0.0230519138 0.0399204567 0.1975380182 0.0047434503 0.2686879337 -0.0541992262 0.0094911736 -0.0921737179 
0.0668609664 0.0922763497 -0.1352607757 0.0390806384 0.2785395980 0.2155814171 0.3554224074 0.1007349938 0.2634255886 
-0.0552854799 -0.0554163456 -0.0363335833 -0.1372976303 -0.0003514056 -0.0237250011 -0.0799072012 0.0150212729 -0.0599037409 
matrix_stopped
in_layer_stopped
in_layer_started
matrix_started
0.0361867510 -0.0736360401 -0.0327874981 -0.0254067015 -0.0347463489 0.0175382979 0.1628767997 -0.0144144688 -0.0570007414 
0.0811408758 0.0219918508 -0.0235761367 0.0036758424 0.1524989456 -0.0635338128 0.1084684432 -0.0409918353 -0.1016529799 
-0.1202578694 -0.0414289534 -0.0412782654 0.0259941090 0.2152463049 -0.0227396581 -0.0343551859 0.1701073200 0.0423857421 
0.0368866548 -0.0891064629 -0.1366308182 -0.0436419174 -0.0158737767 0.1074760556 0.2311074138 -0.1227908134 -0.0785372481 
0.0566446744 -0.0689405426 -0.1129149050 0.0481354147 0.0385702886 -0.0486636013 0.3092935085 0.0354588181 -0.0249952246 
-0.0015266594 -0.0373424590 -0.0202345829 0.0338385366 -0.0475255549 0.2662987709 -0.0961738974 -0.0206772275 0.1762297451 
-0.0204373524 -0.0543939024 -0.0582884103 -0.1170498356 0.0187212583 0.4148046970 0.2454094589 -0.0894256607 -0.0382079519 
-0.2070142478 0.0506655276 -0.0521265119 -0.0326138511 0.2582687736 0.2235938460 -0.1091263145 0.0016607417 -0.0765676126 
-0.0513723902 -0.1368411779 -0.0019564738 0.0221070014 0.3426679969 0.0680053681 -0.1415518671 0.0026258102 -0.0564898327 
matrix_stopped
in_layer_stopped
in_layer_started
matrix_started
-0.1278585792 -0.1325658113 -0.0515372716 0.0865989104 0.0200148840 0.0448690914 0.0915835053 -0.1337694079 0.0185396448 
0.1362342536 -0.1419028342 0.1620018184 -0.0929031894 -0.0742293224 -0.0968386307 0.1533820480 -0.1786328256 0.1691424698 
-0.1055224463 -0.0270538386 0.1436356455 0.0075696898 -0.1778067797 -0.0852345750 0.4219022393 -0.0815076157 -0.1561179012 
-0.0747745708 0.0241985507 0.1112942621 -0.0700964332 0.0636049509 0.0355818868 0.4982911348 -0.1444668919 -0.1446083784 
-0.1505129933 0.1447719634 0.0952438489 -0.0415438712 -0.0936230794 0.0976381749 0.1430593729 -0.1270090193 -0.0569844916 
-0.0732702613 0.0215523932 0.0250212941 -0.0301319361 -0.0783533007 0.0974413455 0.0560220219 -0.1401883811 -0.1502339393 
0.0474724062 0.0119514577 0.0350062214 -0.0427145921 0.0269949473 0.1366148144 0.1055108011 -0.0008408634 -0.1214916185 
0.0879460722 0.0669772252 0.0733146593 -0.0213262234 0.0950710252 0.0920596793 -0.0635551587 -0.0041980245 -0.0792922229 
0.0100188982 -0.0182551388 0.0001800267 0.0970185399 -0.0061072181 -0.0268963892 0.2756198645 -0.0758990943 -0.0151921995 
matrix_stopped
in_layer_stopped
in_layer_started
matrix_started
-0.0610075332 -0.0280584004 -0.1739196926 -0.1147906780 -0.1635106653 -0.1498758197 -0.0573630333 0.0177996289 -0.1691807956 
0.0005975837 -0.0869672820 -0.1208954975 -0.0944430754 -0.1358827502 0.0292381551 -0.0229682699 -0.0356841832 0.1668595076 
0.1537804008 0.0092913033 0.1054104865 -0.0282953102 0.1791570634 0.1058657542 0.0391568914 0.0827139989 0.1783793569 
0.1994607449 0.1903505921 0.3204556704 0.3186459243 0.2548591495 0.3417595327 0.4321827292 0.3036626279 0.0513096899 
0.2221054286 0.0363907851 -0.0277949795 -0.0701687485 -0.1010709479 -0.0963537991 -0.1356061548 -0.0366079472 -0.0783151835 
-0.0169944782 0.0293116607 0.0381219126 0.0455966517 -0.0532240532 -0.0295437146 0.0657138899 -0.0454992242 0.0170395095 
0.0021750738 -0.0524206348 -0.0270116795 -0.0185235366 -0.0774428844 -0.0847676694 -0.0912047327 -0.0246838685 0.0208288077 
-0.1141637936 0.0409722812 -0.0840818733 0.0702514723 -0.0892257243 -0.0965327099 -0.0227934122 -0.0512900166 -0.1362108886 
-0.1052622348 -0.0224398635 -0.0141121978 -0.0456545278 -0.0478724614 0.0802057013 0.0179645084 0.0847450942 0.2008022368 
matrix_stopped
in_layer_stopped
in_layer_started
matrix_started
-0.0072096772 -0.0342442729 0.0598032475 0.0564929843 0.2015811354 0.0299432799 0.0159978680 0.0032703204 -0.0918662995 
0.1263196021 -0.1000443101 -0.1288480461 -0.1340861470 -0.0852379277 0.0048952815 -0.0130839879 -0.0294144880 0.0238542091 
-0.0195246823 -0.0546384901 -0.0890245512 -0.1559099108 -0.0242416877 0.1209671572 -0.0812019482 0.0733933523 0.0563269369 
0.2075958699 0.1598437726 -0.1897052228 0.0983653814 -0.0733158290 0.2232487500 0.1299652010 -0.1518525928 -0.1065993682 
-0.0002040643 0.1915708482 -0.0747694522 -0.1797568649 -0.0658067092 -0.0563148595 -0.0643162355 0.0401827730 0.1496297270 
-0.0536774211 0.3561855257 0.2754183412 0.2399833053 0.0612528808 0.1676169932 0.0223042443 -0.0509670191 -0.0216789618 
-0.1099181771 0.0159256104 -0.1835710406 -0.0483115762 0.0111069893 0.1545938998 0.0425393209 -0.0933255553 -0.0049495571 
0.1135617048 -0.0251305960 0.0324093401 0.0209174491 -0.0924445316 -0.1496135890 0.2085457295 0.0667137802 -0.0240946021 
-0.1644777209 0.0157547984 -0.0935515463 -0.0227175411 0.0428347625 -0.0164816938 0.0482098274 0.1178824678 -0.0092949914 
matrix_stopped
in_layer_stopped
in_layer_started
matrix_started
0.1065794230 0.1051182374 -0.1002785116 -0.0924005210 -0.0552591048 -0.0242009498 -0.0849775299 -0.1232526675 -0.0267817155 
0.0002095009 0.0141234864 0.0421771966 -0.1342669129 -0.0789086968 -0.0027788361 -0.1074856073 0.0165009201 0.0133567676 
-0.0482111759 -0.0336417407 0.0209807977 -0.0385154784 -0.1611121446 -0.0856190994 0.0361019224 0.0738560930 0.1393233538 
0.0448273979 0.1383962035 0.0381489806 -0.1072023809 -0.1333758980 -0.0281658545 -0.1646568179 -0.0929926187 0.1152071506 
-0.1311696321 0.0349759534 0.4538170099 0.3729687035 0.3188135624 0.1896581203 0.2460803390 0.2659800649 0.0867465958 
0.0565682203 -0.1737412065 0.0857404098 -0.0862059891 -0.1192914397 -0.0931954086 -0.0972012281 -0.0405246094 0.0428027362 
0.1410410553 -0.1321125329 0.0098845130 0.1316051185 -0.0214100927 -0.1847634315 -0.0620744005 -0.0135047361 0.0352957398 
0.1852335930 0.0755407810 0.0089757107 0.1118368506 0.0632920340 0.0368433371 -0.0478909090 -0.0602199286 0.0217087846 
0.0477641113 0.0742652193 0.0265597627 -0.2004925758 -0.1137233898 -0.0136218900 -0.0652623847 0.1051112115 -0.0659384429 
matrix_stopped
in_layer_stopped
in_layer_started
matrix_started
-0.1788293719 -0.0844202936 -0.1185522079 0.2610892355 -0.0561083071 -0.0260055400 0.2488210201 0.0631661341 -0.1204657778 
-0.2527891397 -0.0247382428 0.1103748158 0.1077732071 0.0926656201 -0.0339872167 -0.0579304211 0.0746226534 -0.0218150988 
-0.1373814642 0.2620484233 -0.0141187543 0.1011662111 0.0975187346 0.1261042953 -0.0426548347 0.0009987971 0.0147870369 
0.1577993035 0.2293918133 0.0059256940 0.1198161989 -0.1515098214 0.0596311688 0.0309954323 0.0077145435 0.1751046181 
0.1980374008 0.2238136232 -0.1293034554 0.1684157252 -0.0354340672 0.1245590746 0.2146045268 0.3249519467 0.3294336200 
0.0085198060 0.0486841723 -0.2339055538 -0.0414727442 -0.1990403831 -0.0666516349 -0.1857208312 -0.0973820612 0.1883208007 
-0.0250946078 -0.1413360387 0.0011999401 0.0569300056 -0.0170801636 -0.0123036578 -0.1052288562 0.0524908490 0.1286967695 
-0.0634192452 0.2606345117 0.0301817413 0.0358033739 0.1189675480 0.2079142928 -0.1127773672 -0.0474072918 -0.1118112281 
0.2010509223 0.2119869441 0.4019267261 -0.1279728562 0.0302071329 0.2044432014 -0.0740921274 0.0185591131 0.2442704588 
matrix_stopped
in_layer_stopped
in_layer_started
matrix_started
-0.1535280496 -0.0466655567 -0.1352422237 0.3945901990 0.3133476973 -0.1359876990 -0.0888275951 0.0384540148 -0.0737553015 
-0.0526393317 -0.0409384705 0.1262880862 -0.0352564231 -0.0317150950 -0.0105202449 0.1519412547 -0.0312914401 0.0910462439 
0.1131924093 0.0506947376 -0.1045153439 0.2223067582 -0.0548059233 -0.1988077760 -0.1447732598 0.1834814847 -0.2063775212 
-0.0626021326 0.0553245917 0.0424511246 -0.1107573733 -0.0177302659 0.0335938446 -0.1507865936 0.1717552841 0.0807000324 
0.0958358496 -0.0197507665 -0.0440300889 0.0448552892 -0.1076304838 -0.0051648803 -0.0685218647 -0.0038907949 0.1042701378 
0.2296025902 0.0582225770 -0.1773811579 0.1675346941 -0.0540068112 -0.0112721324 -0.0695442110 0.0925566480 0.0348344781 
-0.0416630767 -0.0115810269 -0.0235804431 0.1394605041 -0.0139038768 -0.0458832867 0.1274480224 -0.0285192542 -0.0775563270 
0.0381671228 -0.0046641012 -0.0751362145 0.1193641946 -0.0263897385 0.0842273831 0.1745249182 -0.0189862642 -0.1313996166 
0.0872531533 0.0482651070 -0.0720976219 0.0448886231 0.0484331734 0.0364594124 0.0240332596 0.0286614038 0.0450469069 
matrix_stopped
in_layer_stopped
in_layer_started
matrix_started
0.1332249194 -0.0350811705 0.0332902186 -0.0563634709 0.2475608587 0.1206849068 0.0219018366 -0.0334207900 -0.0831305236 
0.0573128238 0.0106506478 -0.0724817663 -0.0642493293 0.0788172260 0.0661101565 -0.0150301931 0.0167332366 0.0383874811 
-0.0296059325 0.1005566269 -0.1870011538 0.2173730582 -0.1059340611 -0.0092394380 -0.0898115113 -0.0550800189 0.1312317401 
-0.0503638871 -0.0671966150 0.1302665770 0.4589854777 -0.2813010812 -0.0051945210 -0.0867996290 -0.0206614546 0.0865061209 
-0.1884176880 -0.0652761385 0.0510779992 0.4417217076 0.0743588135 -0.0859789476 -0.1000995785 -0.0463375486 -0.0152814845 
-0.0850208476 -0.1078511626 -0.1609125435 0.2213478088 0.0491066240 0.0648102313 0.0660906211 0.0751654729 -0.0911735967 
-0.0442639515 -0.0670391172 0.1081862897 -0.0858463868 -0.1635160148 0.0439656116 0.2768111229 0.1051843911 -0.0711700097 
0.0855612308 0.3048203290 -0.1283345371 -0.1941758841 -0.1439132839 0.0316690616 0.0206512492 -0.0173272360 0.2858061492 
0.2803964913 -0.0145307174 -0.0539654158 -0.0728027970 -0.0325976983 -0.0986643806 -0.0250196643 -0.0306910854 0.1800538898 
matrix_stopped
in_layer_stopped
in_layer_started
matrix_started
0.0936953053 -0.0174163952 -0.0699422583 -0.0541806892 0.0070466311 0.0703726187 -0.1837349832 -0.1574593335 -0.1911100149 
0.2265749276 0.0451634526 0.1253248900 0.1042999253 -0.0517416745 -0.1580353528 0.0187259745 -0.2148893476 -0.0856576115 
0.0384232514 -0.0043097143 0.0997288302 -0.0394559689 -0.0708680004 -0.1229157895 -0.0079896767 -0.1007527858 0.0052606422 
0.1098446473 0.1316769868 0.0956128612 0.0917944163 -0.1649962217 -0.0531453229 -0.0561750382 -0.0412317589 0.0034462817 
0.1469243914 0.1330559701 0.1466128826 0.0056147561 0.0798990279 -0.0961211547 -0.0931333825 -0.0870580301 -0.0227177888 
0.0025829335 0.1012874469 0.1726856083 0.3474184573 -0.0576254539 -0.1173404530 -0.1899783164 -0.0749434605 0.0786154866 
0.0128873652 -0.0966661423 -0.1489086300 0.0740045309 0.3751468956 0.0373556837 -0.1011564061 -0.0919787660 -0.0165964756 
-0.2108066231 -0.2025762647 -0.0462237485 -0.1263566017 0.2313318849 0.3641866744 0.3567467630 0.1223396361 0.1705797166 
-0.1534246206 -0.0253458712 -0.0514441952 0.1230141446 0.0814605355 0.1565729082 0.0536258444 0.3953176439 0.3189049661 
matrix_stopped
in_layer_stopped
in_layer_started
matrix_started
0.2157310545 0.0457696579 0.0316989161 -0.0204119366 -0.1048764437 0.1412328631 0.1823657900 0.0139651289 0.0938204676 
-0.1609370112 0.0533148572 -0.0553345010 0.1185947135 -0.0917997733 -0.1436508745 -0.2157116532 -0.0147453612 -0.1108753532 
0.0362119339 -0.2142376900 -0.0824830085 -0.2019336224 0.0353620127 -0.2446757406 -0.0829477608 -0.0623474121 0.0142680090 
-0.0038591772 0.1811459363 0.2811092734 0.1170634627 0.4218813181 0.4304943085 0.1572020948 0.0032839973 -0.0280730911 
0.1280078739 -0.0282497182 -0.1640595049 -0.1475935578 -0.1282215863 0.0027296708 -0.0590267330 -0.0209979638 -0.0319246016 
-0.1168871298 -0.1126757041 -0.0371562503 -0.1208080724 -0.1646670103 -0.0949208811 0.2085733712 0.2371382713 0.1869008988 
0.2216140777 0.1252924502 0.2261975706 0.1671629399 0.0417669937 -0.0330617018 -0.1243170574 -0.0256571937 -0.1971736848 
0.0789108053 0.0293125920 -0.0383681096 0.0528112315 -0.0087962169 -0.0080578914 0.0516267009 0.0282966811 0.0809722766 
-0.0654485673 -0.0116326492 -0.1018085480 -0.0676745251 0.0046231714 -0.0066824476 -0.0978095010 0.1829677671 0.1565001607 
matrix_stopped
in_layer_stopped
in_layer_started
matrix_started
0.1683614850 0.0206771605 -0.0633045286 0.0845125839 0.2415381074 -0.1079484373 -0.0253760312 -0.1865422130 -0.0583425313 
0.1127213761 0.0642893761 -0.1698854715 -0.0612267330 0.1539140046 -0.0403922722 -0.0100774253 -0.1535701305 -0.0238703452 
0.1321095228 0.2082278579 0.1243771613 0.0294316430 0.2478452772 -0.1215778664 -0.0410305895 -0.0171048585 -0.0954786614 
-0.0458000265 0.0965908989 -0.0482464992 -0.0885442570 0.2640662789 0.1038138419 -0.1295431554 -0.0895686895 -0.1538171768 
0.0158745833 -0.0042471956 0.1137918234 -0.1714758277 -0.1964295208 0.2113258541 -0.0176902823 -0.0492815264 0.0095086582 
0.1054450348 0.0637296662 0.3456156552 0.4169295728 0.2563931048 -0.0398904383 0.2507030070 -0.0276613478 -0.0868390724 
-0.1773159355 -0.1504925340 -0.2915012240 0.2550843656 -0.0042453120 0.0513572507 0.1898277700 -0.1028483957 -0.0763359591 
-0.1141107157 -0.1362707913 -0.0575200915 -0.0660754070 0.0520976894 -0.0895035192 0.1771177649 0.1883640587 0.0856033489 
-0.1360883713 -0.1897128075 -0.0461449362 0.0311477631 0.0591540374 -0.0369802415 0.0776044205 0.2306197733 0.1874847412 
matrix_stopped
in_layer_stopped
in_layer_started
matrix_started
0.0506774560 0.0621537007 -0.1304511130 -0.0189305153 -0.0804394409 -0.0897253826 0.0059315017 -0.1953831166 -0.0253452733 
0.0592736639 0.0479232632 0.1653203815 -0.0699577108 -0.0803235024 -0.1052866206 -0.1826544851 -0.0734050125 0.3289315403 
0.0604187362 0.1161072105 0.0010055698 -0.0705826283 -0.2097680569 -0.2686276138 -0.0025003066 0.2352330834 0.4562792480 
-0.1236494333 -0.1816471666 -0.0256952401 -0.1067619920 -0.1526169628 -0.0064957300 0.4320526421 0.2666039169 0.1261993945 
-0.1149387881 -0.0128710950 0.0791985616 -0.0266112518 0.1385844350 0.3212428093 0.1511063576 -0.1231758669 -0.0952606350 
-0.1462768912 -0.1509791464 0.0862225816 0.2166653126 0.3187029064 0.0878611058 -0.1790471375 -0.0979295820 -0.0312137231 
0.1086984202 0.2230647653 0.4675510228 0.2431072593 0.0934584364 -0.1497913897 -0.0266906042 0.0292350408 0.1299390942 
0.4554670155 0.1407877058 0.1211829334 -0.1729775816 -0.0271671731 -0.0588053465 -0.0478760935 0.1077957228 0.0684040785 
0.3132567108 0.0836002156 -0.1231996194 -0.0769491643 -0.0749858171 -0.0784368142 -0.1155118197 0.0965672657 0.0254716445 
matrix_stopped
in_layer_stopped
in_layer_started
matrix_started
0.3217900097 -0.0172264669 0.0849081874 0.0124417087 0.0185485519 0.0533671379 -0.1035636738 0.0709881932 -0.1268319786 
0.0329358801 -0.0295678843 0.1344579756 -0.1041592732 -0.0452065989 0.1003466025 0.1702513993 0.1183551475 0.1297438592 
0.1149916276 -0.1188180521 -0.0081392592 -0.0897313580 -0.1534071267 -0.0446402431 -0.0697268173 -0.0633368343 0.0808268264 
0.2742482126 0.0818983316 0.0187940635 -0.0842934996 0.0131916897 -0.0206958111 -0.0163230766 0.0355107859 -0.1110447571 
-0.0052142427 -0.0544529296 -0.0274445321 0.0407182388 0.0692305565 -0.0646187887 0.0676577315 -0.0716825351 -0.0203473326 
0.2025181204 0.0556923822 0.0134724723 -0.0602706894 0.0262655951 0.1530905217 0.1513549685 0.0317369886 -0.0075214817 
-0.1683854908 -0.0627098456 0.1297997236 0.1394857168 -0.0450443067 -0.1859294474 0.0912127942 0.0170741994 -0.0351880044 
0.0141009632 -0.0498574637 0.0162373409 0.1065397114 0.0403487049 -0.0970010012 0.1921587139 0.0528111421 0.0831407905 
-0.0844433680 -0.1454687417 0.0060472405 0.0339075066 0.1408100426 -0.0614653602 0.1679103673 -0.1386869699 -0.0495299287 
matrix_stopped
in_layer_stopped
in_layer_started
matrix_started
-0.0752888173 -0.0422143415 -0.1187558472 0.1305817515 0.0124156196 0.0323741548 -0.0048428662 -0.1438012421 0.1709403694 
0.0162335392 -0.0909605324 0.0508568473 0.0124535244 -0.0197280888 -0.0385934450 -0.0867879763 0.0551965274 0.2102187872 
0.0813965276 -0.0346709937 -0.0144247906 -0.0271360129 -0.0635184050 0.0108146695 0.0215342846 0.0833970159 0.0715527385 
-0.1455741972 -0.0741225556 0.0400993004 0.0430008769 -0.0828774795 -0.0010644681 0.0027564880 0.1208036393 0.0802266896 
-0.1240040436 0.0314474031 -0.0996396393 -0.0177488923 0.1044370532 0.0242674183 0.0770367831 -0.1263841838 0.1921386868 
-0.0056509576 0.0320429318 -0.1861204505 0.1352311522 0.0288802162 0.0425760411 -0.0171793327 -0.0879840255 0.2174587399 
-0.2013095915 -0.0712633058 -0.1216094792 0.1649675220 -0.0323374048 -0.0229968820 0.0891846716 -0.0512518585 0.0254511125 
-0.1442331821 -0.0987847969 0.0452788658 0.4047097564 0.0186853800 0.0501918681 0.0297006927 -0.0899229273 -0.0252481885 
-0.0442610011 -0.0036253862 0.3565294147 0.0581077859 -0.0947270542 0.0791381076 0.1097935066 0.0095695630 -0.1360728890 
matrix_stopped
in_layer_stopped
in_layer_started
matrix_started
0.1831478775 0.2826043367 0.0265703872 -0.0021128082 0.0198340230 -0.0665093288 -0.1060847491 0.0783473477 -0.1147851497 
0.1386023313 -0.0957435295 -0.0591070652 -0.0362991355 0.0525153168 0.0544233359 -0.0081861559 -0.0402057394 0.1901020706 
0.0613393970 -0.0425095595 -0.1223047525 0.0129983341 -0.0429585055 -0.0623263083 -0.0650405809 -0.0142167900 0.1242516339 
-0.2075930685 0.0369756594 -0.0422757976 -0.0609681681 -0.1088807285 0.0717682987 0.0213194899 0.0228255484 -0.0849181712 
-0.0781362727 -0.0695900917 -0.0651920438 -0.1580858529 0.0179869477 -0.0116720535 0.2131958753 0.1107301414 0.1223483607 
0.0726081729 -0.1847260296 -0.1502307504 -0.1481895745 0.0360238142 -0.0088644410 -0.0700547025 0.0595132634 0.0112605132 
0.0663590506 -0.0940046087 -0.0015590488 -0.0000530980 0.1321103573 -0.0092386082 0.0270096622 -0.0094802380 -0.0529069379 
0.0875254795 0.0671470016 -0.0347990096 0.1020230800 -0.1741005182 0.0434083566 -0.1497980356 0.0183072016 -0.0352168828 
-0.0477342419 0.0614397675 0.0384193920 -0.0964360684 -0.0079187881 0.1680998802 -0.0668541789 0.0190811660 -0.0392583683 
matrix_stopped
in_layer_stopped
in_layer_started
matrix_started
0.2156549841 -0.0176038425 0.0020719990 0.0392505452 0.3036668897 0.0337467976 0.0163360201 -0.0696911290 -0.1159202754 
-0.1459507495 -0.1227562949 -0.1840276271 0.2342253476 0.2470135093 0.0940917432 0.0994176343 -0.0578318126 0.1163353994 
0.0174213797 -0.0704955682 0.0884610415 0.1894668788 0.0258048512 -0.1069469973 -0.0494331643 -0.0628877953 -0.0228809193 
-0.0867011994 -0.0185580775 0.3510605991 0.0426485464 -0.0128701944 -0.0408958681 0.0719773024 -0.1178871170 -0.0035393247 
-0.2213488072 0.0596691631 0.2504715025 -0.0161796845 -0.1867745519 -0.0355534032 -0.0013641462 -0.0578023382 0.0414586663 
0.0130307507 -0.0278460104 0.0715681389 -0.1044174731 -0.1114783436 -0.0418445095 -0.1619658917 -0.0093700811 0.1115537733 
0.1251209378 0.2582204342 -0.0772481337 -0.1843515038 -0.2481333315 -0.2555712759 -0.1492037326 -0.0919795111 0.0543783121 
-0.0434324294 0.2537587881 0.0858634636 0.0415076874 0.3325296044 0.4101614356 0.3385459781 0.3874164522 0.1868366450 
0.3636794388 0.0838654414 -0.1100774556 -0.1301267147 -0.1954774261 -0.2056980431 -0.0486372784 -0.1518392563 -0.0216146689 
matrix_stopped
in_layer_stopped
in_layer_started
matrix_started
0.0527014248 0.0184540860 -0.0057527781 0.0290035773 0.1238800213 -0.1128928661 0.2206263840 0.3702639341 0.1774700284 
0.1260406077 -0.0422826894 -0.0066546765 0.0103018526 -0.2189377546 0.0409873649 0.3026789725 0.1455293447 -0.0193875004 
0.0400379300 0.0348526575 -0.1832601577 0.0282325484 0.1323489249 0.0782496333 0.0464766398 -0.1561498642 -0.2181455642 
0.0635414943 0.0155808134 0.2875606418 0.1034143344 0.1142444834 0.0236256029 -0.1197471023 -0.2250863463 0.0418752693 
-0.1460097432 0.1621692628 0.4000939429 0.2208179832 0.0693833232 -0.1495595276 -0.1309392452 -0.1419853419 -0.1000762805 
0.2128296942 0.0737283081 -0.1783078760 0.0918304250 -0.1029188260 0.1361192465 -0.0468102023 -0.0587351806 -0.0338385291 
0.1193321943 0.0262526087 -0.0577835441 -0.1264960617 0.0342503265 0.0416788124 0.0919538662 0.2483163476 0.0394354425 
0.1476583183 0.0210738908 -0.2592818141 -0.1854538321 -0.1746660173 0.0246411040 0.1342906356 0.1374917775 0.2924990952 
0.0305424258 -0.0554915778 -0.0565126017 -0.1264547557 0.0286160689 -0.0564878769 -0.1511863470 -0.0800661072 0.2228299081 
matrix_stopped
in_layer_stopped
in_layer_started
matrix_started
-0.2437895685 -0.1534468234 0.0340620689 0.2972006500 0.2604475319 0.0165882427 0.0186565779 -0.2209475338 -0.0259129927 
-0.0864507556 -0.1190454587 0.0511842854 0.2399614155 0.2412443459 0.0212392919 0.0135287149 -0.0181284025 -0.1053922400 
-0.0207313504 0.0408878438 0.1271890998 0.0352836028 0.1364226043 0.0238789301 -0.0639743060 0.1175025627 0.2169468254 
-0.2870367467 0.1037508026 0.2778229415 0.0729438066 -0.0588470437 -0.0171332210 0.0043862280 0.0902844444 0.1838449240 
-0.0021763756 0.1123517007 0.2725661099 0.0186244529 -0.2102651149 -0.0569019653 -0.0545300655 -0.1427721232 0.1210920289 
0.0143425819 0.1390144825 -0.0386724621 -0.0624031536 -0.0553117245 -0.1172155291 -0.1834069788 -0.0094577968 0.3215392828 
0.0425674357 0.2332407981 0.1740930527 -0.2623578906 -0.0419214293 0.0719287023 0.0430773906 0.2576539814 0.3816704154 
0.1551735848 0.3216458261 -0.1920295954 -0.0253893491 -0.1796103418 0.0843670666 -0.0240033623 0.0371254832 -0.0109009212 
0.1949419826 0.2730810940 0.0019046911 0.0566334650 -0.1512960345 0.1125810221 0.1923825890 -0.0054526096 0.2310165614 
matrix_stopped
in_layer_stopped
kernel_stopped
