0.2122494578 -0.1991538405 0.0011195600 0.1942857653 0.0577506460 -0.2884043753 0.1174355075 0.2765706182 0.0072071427 0.1500809491 -0.3206539452 0.2123020738 -0.2024013549 0.2763101161 -0.1702911258 -0.2472797036 0.3018881381 -0.2573588192 -0.2673267722 
-0.1771427244 -0.2667523026 -0.1183366030 -0.2494825870 -0.2893020213 0.1950098425 0.3673682511 0.4306680560 0.1227639243 -0.2360176593 0.2514646351 0.0563681647 -0.0852670446 0.0390018411 -0.2228468210 -0.1788598448 0.3251137435 -0.0775686204 -0.1325977147 
0.2298619449 0.2834656835 -0.1798239499 -0.2641393840 0.0914867446 -0.2590568364 0.1730057001 -0.3088635206 -0.0933507010 0.3260753155 0.2728947997 -0.3452725410 0.1811224967 -0.1260018498 -0.0920463055 0.2121522874 -0.2872327566 0.0682488829 0.0859396234 
-0.2214605510 0.4011493921 -0.2694639564 0.2563400269 0.1746153086 -0.1892474890 0.4079090655 0.0111676902 -0.1366604269 -0.3046992123 -0.0749253333 0.2208368480 -0.2481407374 0.3033022583 -0.0020652721 0.0147906346 0.2890195549 -0.0842383504 0.1616223156 
0.1846299171 -0.3150737882 0.3528702557 -0.0926930532 0.1072425544 0.3311363757 -0.2318457365 -0.0278332178 0.1103493273 -0.0691304058 0.0338270739 0.0237628631 0.3295262158 -0.2130125910 -0.0756022036 0.1039780080 -0.2268954515 0.3193988800 -0.3507007658 
0.1088114008 0.0708951727 -0.2792825401 0.1832569689 0.2361683697 -0.2679587603 -0.3468743265 0.1190680489 0.2857602537 0.1180947945 -0.0598727725 -0.2374629527 -0.2518959641 0.2512776256 -0.2502141297 0.1227644980 -0.1929357797 0.0838877410 -0.2639825940 
0.3600561321 -0.1433858424 0.3037832975 0.3272901475 0.4868457913 -0.1935625225 -0.0609455742 0.3373012841 -0.2057059705 0.3613461852 -0.2355954945 -0.2231517583 0.1490230858 -0.0473718829 0.3764436245 -0.2073309273 -0.0062436657 -0.1348835230 -0.0340286195 
0.2077631503 -0.2244030833 0.1124081314 0.2429541945 -0.2496402562 0.2100359797 0.2376306504 -0.1080615222 0.1377704144 0.2133801877 -0.3814575374 -0.2621567249 0.1610794812 -0.3196154833 -0.1030214578 0.2438203394 -0.3511733711 0.3312099278 -0.2693087459 
-0.0823696256 -0.0908503234 0.3575918972 -0.1324444562 0.4397015572 -0.1327591836 0.3563558161 0.1555889845 -0.2135508060 -0.2143693864 0.0912920013 -0.2681586444 0.0428768098 0.0859467313 0.1970018744 -0.1160583422 -0.2021118701 -0.0906215236 -0.2504032552 
0.2066256255 -0.0622925684 0.1774368137 -0.3582713604 0.1913273335 0.0536269099 -0.2283311784 0.0084679201 0.0675632283 -0.1983533949 -0.3768321872 0.1034266874 0.0012368094 -0.3734333515 0.1197486296 -0.0131975738 -0.5066890121 0.1645952463 0.1895653903 
0.0115924245 -0.3961265683 0.0866075829 0.1226100102 -0.1691913903 0.2146957517 0.1203102991 0.0479904935 0.0968135893 0.1265231669 -0.2378648967 0.0761274248 0.0571966320 0.0724965408 0.1838562787 0.2936953604 -0.2200664729 0.0427798592 -0.3521090746 
0.3671323955 0.1552739739 0.3991649747 -0.2442816347 -0.2707912922 -0.2010644227 -0.1311706603 0.0183467697 -0.1796694994 0.3721186221 0.0634020343 0.1069129258 0.3664740622 -0.0783002824 -0.1598724127 0.2061921954 -0.0165587291 -0.2594221830 -0.1960402280 
-0.4331000149 -0.0225742031 0.3358271718 0.3783490360 -0.2033904195 -0.2211789489 0.4473887682 -0.1309549063 -0.1317679584 0.3936538398 0.2001284063 -0.2584775090 0.3143008649 -0.2555508614 -0.1401106864 0.0178219043 0.1404578984 0.0341257267 -0.2883469760 
-0.0231856536 -0.0421452336 -0.4170786142 -0.2033357173 0.2223766297 0.2221879512 0.1937664598 0.1217426956 0.1755065620 0.0555912107 0.0116687706 0.1370720118 -0.5104940534 0.2169265896 -0.4569748044 0.2025563866 0.1469230950 -0.2121301293 -0.1297101229 
0.3289931118 0.1492169648 -0.2453827709 0.2254561037 0.1894112527 -0.2732286155 -0.1821109504 -0.1633220911 0.1418913156 -0.1084150225 0.0024368509 -0.2347923070 -0.2750131786 0.3971053362 0.0175339952 0.0095069269 0.4804331660 -0.2751328945 -0.1555355340 
-0.0771935955 -0.3579066992 0.1377362311 0.2071610093 0.1774118394 0.0569786243 -0.2350083590 0.1422935128 -0.0872239396 0.1188329086 0.2661799192 0.0607032813 -0.2469071150 -0.3112887740 0.1426216364 -0.0456763394 0.0775476173 -0.3171100020 0.1660593152 
-0.1650730371 -0.1889329404 0.0718768835 -0.2447392642 -0.2101663053 0.2895908356 0.3150336146 -0.2141816169 -0.1349158436 -0.1367008239 -0.2876429856 -0.0987985507 0.2321512848 -0.1537120938 -0.0518131852 -0.1323779374 0.1375706941 -0.2377704680 0.0248104148 
-0.3065305352 -0.2650439143 -0.2587690949 0.1840074062 0.2481179684 0.3219104707 0.0759174675 0.2211279273 0.1778601259 -0.3033096790 0.0444994755 0.2489158958 -0.2158103287 0.0397691391 -0.3969047070 -0.3260414004 0.1586218476 0.1937415451 0.1859307736 
0.0812330768 -0.0331061743 0.0300786085 0.0416966416 -0.0359131880 -0.1603669077 -0.1272654235 -0.1013876870 -0.0876717120 0.2918957472 0.3889282048 -0.2040742189 0.2935327590 0.0030090001 0.0066551436 0.0692550018 0.0046468177 -0.0721351132 -0.0656689182 
-0.0624246486 0.0694343075 -0.4459199905 0.2093621790 -0.3348834515 -0.2920741141 0.1915971041 -0.1875227690 -0.1471279562 0.4009128809 0.0665429235 0.3413742185 -0.3982457519 0.2900657058 -0.3337074816 0.2146540582 0.2184501886 0.1021105349 0.3135937452 
-0.2731440067 -0.0334929787 0.2076567262 0.2821372151 -0.2475615442 0.1660414636 -0.2351878583 -0.0320117250 0.0923863575 0.2548723817 -0.1754304767 0.1010245532 0.2227502316 -0.2948442996 -0.1557171047 -0.1309580505 0.1959304661 0.2724328637 0.2275372148 
-0.2730389535 -0.0621422678 0.1342901736 0.1300889403 0.0880520120 0.1270702034 -0.1009208336 0.1421689987 0.0957433581 0.1003180370 0.1299755871 0.2158496082 0.1122630686 -0.3150303066 -0.0161061250 0.0985698774 0.1727881581 0.2639470100 -0.2961461544 
0.2555674613 0.1930641979 -0.2075542063 -0.2340021580 -0.2468744814 -0.3221969008 0.3017695546 -0.2335574925 -0.2816990316 0.1587748975 0.0307301376 -0.2821701765 0.4278261662 -0.2036830932 -0.1250938773 0.1164423525 -0.2019568682 0.2079621255 -0.2113400102 
0.2941161990 0.2426993251 0.3241253793 -0.3509145379 -0.2297265083 0.4624858499 -0.2170272321 -0.1934548020 -0.0987360701 0.3885634243 -0.0512457266 -0.0353207514 0.2424079478 -0.1646397114 -0.2101466358 0.3922587633 -0.2612134218 -0.2571705580 -0.1285260320 
0.1713810712 -0.4097969830 -0.0957013369 -0.0702960193 -0.1823177189 0.2755043209 0.2428923845 -0.2621265054 -0.0939137116 -0.1378375739 0.3297339678 -0.3242184818 0.1455186009 0.2959162891 -0.2252712101 0.3364603519 0.3138815463 0.1557896882 -0.2544399500 
-0.2892346978 -0.3762185872 -0.0331870094 -0.1480341703 0.1513828933 0.1365979910 0.1012968644 0.2722391784 0.2392852008 -0.0752484053 -0.4455310702 -0.3344063461 0.2110415995 -0.1447231174 -0.1835408360 0.1893220246 0.1279759109 -0.0142502449 0.0376713760 
-0.2604829073 0.1143092737 0.0851212740 -0.2453790307 -0.1241306216 0.2348264307 0.2491843551 0.2974860370 0.3836010098 -0.1753432304 -0.0547538437 -0.0627465770 0.2568834126 -0.2639377415 0.3837772608 0.0563381091 -0.0980277061 -0.2129677534 -0.2138989717 
-0.0834515318 -0.0214519519 -0.1815611422 -0.0051295343 -0.3381846249 0.2216238081 0.0171939246 0.0271028243 0.2764719427 -0.1307789236 0.0463754870 -0.1821697652 0.1771745533 0.1355878115 -0.2297956198 0.0726250187 -0.0161509048 0.2762861252 -0.1140850559 
0.2079478651 -0.2501243651 0.2309742719 0.2553248107 0.1258048117 0.3033271730 -0.3129287958 0.1887774915 -0.3613964319 0.2778746486 -0.1017035991 0.0133741479 -0.0055746180 -0.1279960126 0.1040981635 0.0949738920 0.2766112983 -0.1363232732 0.1516411602 
-0.2280910313 -0.2344059348 0.1057773903 0.1493813694 -0.2577756047 0.2716059387 0.3800094128 -0.2396686226 -0.1645184606 -0.0121334586 0.1185195819 -0.2084607631 0.3240932822 -0.2356112748 0.0622613616 0.2135411054 0.0719640180 -0.1221617311 0.1177232265 
0.1494770497 0.0209032353 0.2262879759 0.1225051060 -0.1345304847 -0.0327595919 -0.2674890757 -0.1448808610 -0.3152918816 0.1348406523 -0.2663260698 0.1581040323 -0.1688703448 0.1425119340 0.2174188048 -0.1902811825 -0.2425275594 0.1267644614 0.2824073434 
-0.2672918141 -0.1336676329 0.2026827484 0.2845664620 -0.2525837421 0.2852406204 -0.0931979641 -0.2597048283 -0.1947719604 0.3031564355 -0.2522754967 0.2992956936 0.2508701384 -0.2738351524 0.1780685931 -0.2225091010 0.3417165875 0.2852792442 -0.3270593286 
0.1307895631 -0.0557602011 0.0994664654 -0.2529231310 0.2663004398 0.0738646165 0.1172327250 0.2592964470 0.2610267997 -0.0534086749 0.4074050486 -0.1853587627 0.1019093469 -0.3867033124 -0.1388786882 0.0460292920 -0.1835904717 -0.3502195477 -0.2586138546 
-0.1670929641 -0.1649395227 0.0273111947 0.0262800101 0.1852210015 0.3900217712 0.0833155066 0.1787557155 0.0739396587 0.0539488159 -0.2599406838 0.2491859049 0.2722050548 -0.0709768757 -0.1210982203 -0.2287506163 0.1898569018 0.0302052423 -0.1595579535 
-0.2908131480 -0.2922197878 0.1356166601 0.2106212527 0.2486295849 0.3775067925 -0.0988902301 0.2762252092 -0.2479655147 0.0896727443 -0.3093501627 0.2409017533 -0.2742241919 0.0547647513 -0.1933553219 -0.1705689728 0.1467329413 0.1959026307 -0.3082529306 
-0.1772122532 -0.0667966306 -0.2187762856 0.3300412893 -0.2096320093 0.0880506411 0.2902657688 -0.1425921470 -0.2368747890 -0.1397914439 -0.1201444119 -0.2778363526 0.0245599039 0.2917333245 -0.1278161258 -0.2082223296 0.2542952597 0.2762328088 -0.0829694718 
-0.2634965181 0.1384444237 0.2607607245 0.2905251086 -0.2062994242 -0.0125259608 -0.1761327684 0.0829284787 -0.2379131168 0.3052020967 0.2897735834 0.1085933670 -0.2591082156 0.0595438816 -0.0842284784 0.1541296095 0.2576614320 -0.2138091773 0.0167260505 
0.1317353696 0.1218928173 -0.1056589261 0.1727776676 0.1090309471 -0.5353021622 -0.3155818880 -0.1219501197 0.2094770819 0.2148369104 0.0762462765 0.1652442813 -0.4731507003 0.1187745407 -0.2814688683 0.2684588432 -0.4688085318 0.1865568012 0.2015121430 
-0.2539004683 -0.1934150308 0.2540021241 0.1051202640 -0.1625736356 0.2453146279 -0.2546428144 -0.1512653530 -0.3147599995 0.0511861555 0.2653062344 0.2603861988 0.1209159419 -0.2431785315 0.0527720600 0.1471879035 0.1144945472 -0.0434604138 -0.2389755547 
0.1339577883 0.4110092223 -0.1219932139 -0.0844010115 -0.1184993461 -0.0508800894 -0.1855129153 -0.1808250844 0.2927423418 -0.1450886726 -0.3291341662 -0.0126254791 0.0985418260 -0.0766272321 0.0364490822 -0.1098137125 -0.0230013505 0.2590732574 -0.1088476032 
-0.2956081629 -0.4002255797 -0.5898772478 0.1171861142 0.0474836528 0.0307397600 0.1579157561 0.1348018795 0.2427104414 0.0393772721 -0.0947126076 0.1196062267 0.1535240263 0.0961600244 -0.5117260814 -0.0684376061 0.0297321137 0.1273763627 0.1262229085 
0.1263064295 0.1201224327 0.0922896713 -0.1228930280 0.1467943043 -0.1401179284 0.0270037819 0.1599238217 -0.0178651977 -0.0170546342 -0.3345556855 0.1301478446 -0.0679044276 0.0541084111 -0.1147867590 0.2335979939 -0.1037162840 -0.0658914298 -0.2000906020 
-0.2899418771 0.2260674089 -0.3087350726 -0.2191341221 0.0424867347 0.1473482996 0.0874815509 0.1447408497 0.1583532244 -0.2455263883 -0.1560793817 0.3270241618 -0.3532563746 0.1502590328 -0.0722595230 -0.1102763638 -0.1422531158 0.0120348735 0.1764132679 
-0.3095640838 0.2080276459 -0.2359670699 -0.1561853439 0.0096813394 -0.2658370137 0.2039401680 -0.2387646437 0.2675408423 0.1592218131 0.2956992090 -0.2312701344 0.1960227787 -0.0566053689 0.0359303355 0.2745091617 -0.2618471086 0.0621251129 0.1881047636 
-0.1364292055 0.2851880491 -0.1357833892 -0.2664763629 -0.3008224964 -0.1722085476 0.3495114148 0.2310775369 0.3476910889 -0.2719092071 0.4119259715 0.1594069153 -0.2558968067 0.3450399637 -0.3477713764 -0.2577285469 -0.1460073441 0.3249017000 0.1723676473 
-0.1280767620 0.3911398947 0.0840974748 -0.1585075408 -0.2850832939 -0.1931435466 -0.1551897824 0.3862068355 -0.2109070867 -0.1729695648 0.4949598610 0.1962026805 -0.1091606170 -0.2739356160 -0.0240914766 -0.3244239092 0.5316731930 -0.2108980715 0.3717945218 
0.0337408707 0.1733471006 0.3586221635 0.3665058613 0.1892810464 0.0365801528 -0.1214863062 0.0483702049 -0.1321882457 0.3153278828 -0.0850401968 -0.1958584934 -0.1809698194 -0.2653833330 -0.1702387035 0.0194098614 0.4098407328 -0.2778355479 -0.2135754824 
-0.1989349872 0.2642925382 -0.2789786160 -0.2025304288 0.0578737073 0.2246051580 -0.3039176166 -0.0723370165 -0.2613720000 -0.0936786607 0.0283551533 0.2110287994 -0.3040216863 0.2581818998 0.0157217551 -0.2575363517 0.3720049262 0.1151811108 -0.2867424190 
-0.0077684117 0.0907887518 0.1715193093 -0.1095353439 -0.1916349083 -0.1938682795 0.1019276902 -0.1836467236 0.0254161246 -0.0527256168 -0.1133204326 0.2547858953 0.3801102042 -0.1536339223 -0.0755351707 -0.1230198517 0.0627453998 0.3172759712 -0.1593646556 
0.3073534369 0.2980283201 -0.1069574207 0.1991058737 0.2621664107 -0.2297829837 -0.3720948696 -0.4980114698 0.1549175978 0.1104714721 -0.4243772924 0.2551497519 -0.1853791028 0.2108213454 0.2116939873 -0.3093618751 -0.4147207439 0.2761695683 0.1388871223 
0.2031138390 -0.2875658572 -0.1066206321 0.0467358045 0.1181507483 0.0173012707 0.1982856542 -0.4798302650 0.0533275120 0.2258739918 -0.3001951277 0.1763748080 0.1489006728 0.2472544461 -0.0930016637 -0.2267636806 -0.1268824190 0.0653311238 -0.2625717819 
-0.0490287654 -0.0253151581 -0.0985388607 -0.1102117822 0.1501094103 -0.0187903233 0.2124331892 0.3283062279 0.1242801398 0.1122848690 0.3720130920 -0.1408227980 -0.0414214022 0.0985186920 -0.2297554016 0.1548173577 0.0574740618 -0.0246360935 -0.0712134689 
-0.1944791079 -0.0119470097 -0.1707511097 0.0715190619 -0.0587465204 -0.2385045439 0.0001808236 0.0503354333 -0.0859482661 -0.1751128435 0.2043284923 0.2200747430 -0.2673681676 0.2233627886 -0.1591998190 -0.0074397684 0.1817640811 0.2440092415 0.1389608085 
-0.1859805435 0.4187692404 -0.1727590114 0.2463608086 -0.0849050283 -0.1749637276 0.3073964715 -0.0664146096 0.2815153301 -0.2066320479 -0.2271275669 -0.1950417906 -0.1153123453 0.1913569421 -0.2548442483 -0.1540501863 -0.1100963429 0.2797577083 0.3337980509 
-0.1044327095 -0.1981696784 0.2970760465 0.0925449133 -0.1593006402 -0.1179558188 -0.1329359114 0.3505667746 -0.1651823968 -0.1430937350 0.1368770450 0.1804312468 0.1895394176 0.1244097427 -0.0879741162 0.0152418800 0.0959284231 -0.1584249884 -0.2240493149 
0.3256330192 -0.1199377403 0.3964153826 0.3804642558 -0.1298910230 0.0110354517 -0.1910826117 -0.2597061694 -0.1911761463 0.3363215327 -0.0365352482 -0.3614834547 -0.1854268312 -0.2359055430 0.3961948454 -0.1391630322 -0.1564123631 -0.1931523532 0.4345922172 
-0.1512005329 0.2898654044 -0.0456684120 0.3208047450 -0.1006383076 -0.2464758307 0.1588947922 -0.1038786173 0.2148429453 -0.0255955141 0.2042337209 -0.1253350824 -0.1315665096 -0.1278658211 -0.1325716078 -0.2737524211 0.1670298874 -0.1935641021 0.2048993856 
0.0032716519 -0.2130239159 0.1260037720 0.2726532519 0.0001829207 0.2564169466 -0.2103867978 0.2704923451 -0.2785699964 0.2334483117 -0.2842266858 0.1093255803 -0.3051649928 0.2756444812 -0.0166128408 -0.2806829214 0.2485051155 -0.2186648548 0.2424942553 
0.1176831350 -0.1816872805 0.2250964344 -0.0062282723 0.2088282257 -0.0529795066 0.0657116100 0.1958120167 0.1379557550 -0.3351396322 -0.3252743483 -0.1973177791 0.1668723077 0.1713794470 -0.1209766939 -0.3232458532 -0.3319587409 0.1034229994 0.2344858348 
-0.2722703815 0.1372429281 -0.2631363869 -0.3071706295 -0.3247876465 0.1866039187 0.0648726225 -0.2606695890 0.2768390775 -0.0986956060 0.1526183039 0.3161503673 0.1467213929 -0.2665883601 0.2761894166 0.1805072427 -0.3537161052 -0.0523780547 0.2159184515 
-0.3153142929 -0.0424581915 -0.3265165687 -0.2151263505 0.1928556859 0.2095371485 0.2097031623 0.3342553973 0.1792436689 -0.1268017143 0.1535803825 -0.2358738780 -0.0206147302 -0.2531536818 0.4148336351 0.1325248778 0.0012394185 -0.2841020823 0.2257393897 
0.2455823123 -0.2640467286 0.2382708192 0.0973463655 0.3033709824 0.3365378976 0.2444582880 0.4513072670 -0.2643435299 -0.1754432619 -0.3520162404 -0.2847715020 0.3627186120 0.2692620456 -0.3087192774 -0.1066559926 -0.3513308167 0.2821039855 -0.3137442470 
-0.0267437510 -0.4857350290 0.1524373293 0.1949212402 -0.1688279957 0.2314643413 0.1587840766 0.1979476064 -0.1562184095 -0.1293169707 0.3267071843 -0.3764020503 0.0029383285 0.2034832835 -0.2140810788 0.1238676310 0.2966027856 -0.2726599872 0.1641438603 
0.1717285961 -0.2961595356 -0.1726017892 -0.2466267198 0.2643694282 0.2192158848 0.1483565718 0.1968393922 0.1391441375 -0.2507661879 -0.4131652713 -0.2211974710 0.2843984962 0.2105327845 -0.3796606660 0.3207969368 0.0499996170 0.2138010114 -0.4270573556 
-0.4172786772 0.0203407705 0.2857208550 -0.3388194740 0.0786490813 0.1005416363 0.1583851427 -0.1982763857 -0.2503909767 -0.1200257316 -0.1247812882 0.1876247227 0.0106962733 -0.3456189930 0.1938108206 -0.0215178970 0.1303811520 0.2440756261 -0.3145363331 
-0.3926493227 0.1569339633 -0.1980487555 -0.2491540462 -0.0755915865 -0.1348894238 -0.1945796311 0.0104354452 0.1719465405 -0.1999469548 0.0739596784 0.3024553955 -0.2149803638 -0.3605339825 0.3336805999 0.2964293659 0.1588835567 -0.0840788111 0.2380976975 
0.2025071234 0.1520136148 -0.2424711585 0.3431631923 0.0151426755 -0.0822372288 -0.0989871100 -0.1167894453 -0.0970718339 0.1025126502 -0.1515475214 0.0289415214 -0.1811625957 0.4020177126 -0.1870953292 -0.1298722178 -0.1591185331 0.2776249051 -0.1006591320 
-0.0340011381 0.2937026024 -0.2244874090 -0.1058455035 -0.2338475734 -0.3548251688 0.4355150163 -0.0278518945 -0.0402563326 -0.2158624977 0.2426600903 -0.1134261191 0.4580693543 -0.1770336479 -0.2064960748 0.3659321964 -0.1679616570 -0.1246394217 -0.2468475550 
0.2252155691 0.2321468890 -0.1249406859 -0.0536566116 -0.2615802884 -0.1140268221 -0.2812173963 -0.0973813534 0.0890246108 0.1279733926 0.2640945613 -0.1938765049 0.1822337359 -0.2654506862 -0.0590600073 0.2407422513 -0.2465898991 -0.2265916169 -0.2690443397 
-0.2549492121 -0.0248817205 -0.0771749616 0.1396569461 -0.2075937092 0.0220021717 0.4516000748 0.3056162298 0.4266051948 -0.1021788046 0.1837109476 -0.0848514363 -0.1602304578 -0.2231361270 -0.0204587616 -0.3131951988 0.0515574440 -0.2068771422 -0.0309365261 
0.3726556599 -0.2421770692 0.2638099492 -0.1090561599 0.1564012319 -0.0284368955 -0.0582595356 0.3425887525 -0.1461016536 -0.1067767963 -0.2198014110 0.1717365831 0.1335746348 -0.1455635577 0.3226931095 0.1835352480 -0.2454203367 -0.1230391338 0.1863176376 
0.3138223290 -0.0830358192 0.3564884961 -0.1718714833 -0.1047327295 -0.3338024616 0.0422040299 0.0507849269 -0.0741218328 0.0700316504 -0.0723339990 0.0165726971 0.4586759508 0.0776931643 0.0753476620 -0.2127547562 -0.0227647349 -0.1536720097 0.0105001973 
-0.2199680805 -0.1625199169 0.2059187442 0.2312831283 -0.1718965769 -0.0019374322 0.0542728156 0.2296757549 0.2090982199 -0.0743313432 -0.0235496610 -0.2233692706 0.2565875947 -0.3718377054 0.1235325933 0.0895807445 0.0231034830 0.1464045048 0.1087227315 
-0.1895198971 -0.2398031950 -0.0156615842 -0.2301971316 0.1690179408 0.1704962552 0.1825376451 0.1572635472 0.3122844696 -0.0531279631 0.2237326056 -0.2775983810 0.1762624532 -0.0778915063 -0.4515722692 0.1321683079 -0.2493243515 0.2555982769 -0.4028070867 
-0.2895640731 -0.3194400370 0.0461156480 -0.1844387203 0.2643688023 0.3055756092 0.3296171427 0.3548281193 -0.2310855389 -0.2423314601 0.3903167546 -0.0812971890 0.2944959700 -0.3177418709 -0.1683645993 0.2851166725 0.2584801614 -0.0580002218 -0.2334627360 
-0.1619514227 -0.2785350382 -0.1025535762 -0.1426825821 -0.1975437254 0.2884797454 0.3387743831 0.4332892597 -0.2204736769 -0.2102709264 0.2671836019 -0.2228749990 0.2754298747 -0.1372594833 -0.2655226290 0.3202511966 0.1319907457 -0.1412038952 -0.1909929961 
-0.4283437133 0.1096983626 -0.3073658347 0.2436655313 -0.1086978018 0.0385604389 0.2563881874 -0.1531342119 0.0274964068 -0.3367449045 0.2165816426 -0.0335161276 -0.3256067634 0.1800866574 -0.3193831444 0.2770933211 0.3091172278 0.1728418022 0.1235137209 
0.2361396700 -0.3621011078 0.2071623355 -0.2103186399 0.2764105499 0.2088804692 0.2944978178 -0.2733048201 -0.3607660532 0.2572269738 -0.3486277461 -0.2882942855 0.2885532081 -0.3065306544 0.3943353891 0.3575963974 -0.2369751036 0.2595594227 -0.3496798277 
-0.1176539734 0.0591248497 0.1473155320 -0.1972522885 -0.1459145248 0.0912128538 -0.0299787391 -0.2701210678 -0.3441138864 -0.0257739369 0.2049006969 -0.0519425645 -0.1697146893 0.1001640111 0.0752658099 0.0928848386 0.0134584811 -0.2335964888 0.1532841325 
-0.2063388973 -0.2126686871 0.4758394659 -0.1649149507 -0.1797763705 0.4722305238 -0.1972666383 -0.0511793643 -0.1954555511 0.1356083304 -0.1845369637 0.0272492245 0.4033558965 -0.2081277519 0.2525374889 -0.2555009425 0.1256462038 0.1491940171 -0.2920750082 
0.2656226754 -0.0194720682 0.0147129307 -0.2205622047 0.2070969790 -0.1496039629 -0.2083748728 0.1066750810 0.1288398206 -0.3013440371 0.2513939738 0.1541012079 -0.1468437314 0.0032085103 0.1435318440 -0.1742131412 -0.1939750016 0.0606183261 0.0316264778 
-0.2627738714 0.3339490592 -0.0724180192 -0.1959504336 -0.1916248947 -0.3788594306 0.3751082718 -0.1448627710 0.0879193991 -0.1240494996 0.3561044037 -0.1084718853 0.2435686290 -0.1993995011 -0.2153317779 0.3328108191 -0.2013470531 -0.1834667176 -0.0340879336 
-0.1128016785 -0.1358644068 0.3714143336 -0.0806720927 0.1384321153 -0.2297319770 0.0303086285 0.0929842368 0.1434895992 -0.1532991678 0.2232772410 -0.1067602560 0.2752096057 -0.2272932827 0.1462223530 -0.1539827287 -0.1966333985 0.0830244943 0.0650289580 
0.2542453706 -0.2416867912 0.2089149505 0.3226842582 -0.2373571694 0.2371141016 0.2360430807 0.2487145811 -0.2932688296 0.2004150450 -0.4451627731 -0.2875795066 0.1671734750 -0.0815266445 -0.3938653171 0.3665301800 0.2604253888 -0.1739426106 -0.2960139513 
0.3850440979 0.2265124619 0.5149463415 -0.2732399702 -0.2765920460 -0.2650373876 -0.1957945675 -0.1423282474 -0.2364476025 0.4925520420 0.3430046737 -0.1583545655 -0.3308472037 -0.1453756094 0.1579263061 0.3994484544 -0.1492301822 -0.2567721009 -0.1937811524 
0.0886799768 0.0605472736 -0.7342543006 0.0717452094 0.0135654919 0.0834186077 0.0758902133 -0.0352406166 -0.0654586926 0.2083110362 0.0933381692 0.0207239911 -0.4256701469 -0.0270689968 0.1783911288 0.1980943382 0.1212422624 -0.0462112576 0.0149440086 
-0.1322959960 0.2341590375 -0.0691939667 -0.1695929766 0.1372328550 -0.2989926338 -0.0604681149 0.1512858123 0.0978885368 0.1473563015 -0.3878682852 0.2085844427 -0.1304912269 -0.0793944150 0.1746076643 -0.2154674679 -0.3879379630 -0.0266561508 0.1526039094 
0.0675577819 -0.1907609701 0.1717431992 0.2545725703 0.3632524014 -0.1308344454 0.3407061100 -0.2269947082 -0.2618109286 0.3063412607 -0.2355377227 -0.2690817416 0.2442805320 0.2504690886 0.2646347880 -0.3789382279 0.3050208986 0.2341621071 0.0200086683 
0.0750720277 -0.2201863229 0.1558635533 0.1301281750 0.0920759141 -0.0893836319 -0.2197011411 0.0928088799 -0.1615125686 -0.1587924510 -0.2017149180 -0.0050784117 -0.0317445584 0.1834957451 -0.2436740249 -0.2203385532 0.3090535700 0.2165818214 0.1136058196 
0.1964909285 -0.2243824303 0.1348750442 0.3886795640 -0.2445003092 0.2447769940 0.2493400127 -0.3154724240 -0.2624051869 0.2510800064 -0.4981301129 -0.2245878726 0.1502603143 -0.3336524963 0.0809451491 0.3712789714 -0.3043077886 0.3673664927 -0.1057372242 
0.2199747860 -0.3115387261 -0.2814705670 0.1050396338 -0.2491075546 0.2481266558 -0.1229806840 0.2440274507 0.2024002969 -0.2928661108 -0.1466524750 0.0296026133 0.2812792063 0.2542969584 -0.2862563729 0.1856385916 0.2482918352 0.1984836161 -0.3944370449 
-0.3062741756 0.1310424507 -0.2610494494 0.2184562981 0.1664493531 0.1645666808 0.1485825777 -0.2165321410 0.2317034453 -0.0319426581 -0.0227868576 -0.2591245770 -0.1710923612 -0.0199462902 0.2592505515 -0.2502167225 -0.0241969135 0.1837892532 0.3005338907 
-0.1307170093 0.0106545929 0.3896501958 -0.1091643199 0.2129385471 -0.1788979173 -0.1383172423 0.2927103639 -0.0271980166 -0.3056196868 -0.1298412234 0.1272048950 -0.1289795190 -0.1007442772 0.0834220350 -0.0458153039 -0.1351126134 -0.1743243933 -0.1015666202 
0.3472245932 -0.0824522302 0.4782127738 -0.1009613276 -0.2055739015 0.0922888592 0.2495514452 -0.0592597835 -0.1141363010 0.4117377996 -0.2057914883 -0.1088826731 0.4372022152 -0.1592950076 -0.2293012887 -0.2506785989 -0.1317867935 0.0220089927 -0.1431664973 
0.1606605798 0.2068447918 -0.1976252794 -0.1265436709 -0.1275085062 -0.1141115725 0.0787886977 -0.2627947927 0.1372040659 0.0737998635 -0.0260481946 0.2175183594 -0.1766922623 -0.0867351145 0.3373293281 -0.1248916835 0.0825089142 -0.2186835706 0.2097461224 
0.0322395489 -0.2680667043 -0.1343597025 -0.2042498142 -0.0572583973 0.3551164269 -0.0507470071 -0.1831049770 -0.1960753202 -0.0189651307 -0.0977397189 0.1558552980 0.3358853459 0.0842207521 -0.0341103859 -0.1094359830 -0.1257186979 0.3715980351 -0.1730618924 
-0.2125012726 -0.2782268822 0.0832998604 0.2216875106 -0.0650033653 -0.0429429375 0.1994173974 -0.2750235200 0.2006035745 -0.1542869508 -0.4305671453 0.0638661385 0.0491953902 0.0604504459 0.0465045236 0.0047014994 -0.0576646291 0.1997447759 0.0821602046 
-0.0089597469 0.0087891109 -0.1828183979 0.2557015717 -0.0473096333 -0.0001378275 -0.0766214728 -0.1147906110 0.0614103004 0.2197493911 0.1794236898 -0.2613328993 0.0734866485 0.0669251531 -0.1081627831 0.0380625054 -0.2309634238 -0.1506340206 0.1134345680 
0.1922964156 0.2436744422 0.2351092398 -0.1172544584 0.1760913730 -0.2554616928 -0.2598230839 0.2086750865 -0.0025997099 -0.1531156301 0.0440362692 0.1491305977 -0.1829508841 -0.2447846681 0.0084663285 0.1258519888 -0.3718979955 -0.2087274343 0.0234030355 
-0.2090344429 -0.0371982455 0.4250686467 -0.0435147956 -0.1331067830 -0.0613646284 0.3827816546 -0.0812428594 -0.1291824579 0.5105716586 -0.2153861672 -0.1361871064 0.5106269121 -0.0980147570 -0.1842927486 -0.1769929826 -0.1150787845 0.0513834283 -0.1145517901 
-0.2113456726 0.0442925319 -0.2239322215 0.2291126400 -0.3031034768 -0.1032131314 -0.2335297763 0.3305778801 0.1452754289 -0.2855954170 0.3069229722 0.1439649016 -0.1463054717 0.1997206956 -0.2183631808 -0.2945453823 0.3139790893 -0.4123851955 0.0098898541 
0.1001998633 -0.0514394529 0.2414519042 -0.1455373168 -0.0849538520 0.0002070425 0.2721377611 0.4711620212 -0.1283556521 -0.0690615326 -0.1640956849 -0.1066164225 -0.0315373801 0.2246812433 0.1472943723 -0.0920038745 0.3558262885 -0.0692648515 0.0758622736 
0.3058720231 -0.2339961976 0.1104590073 0.2207271755 0.2418573797 -0.0429397747 -0.2688223124 -0.1505137086 -0.1143628135 0.2826002240 -0.3452602327 0.3122991025 0.1329620034 0.3577979207 0.2345444113 -0.3007014096 -0.4093956947 0.2281778753 -0.0582110323 
-0.2346931994 0.2118030488 -0.2540790737 0.0652389601 -0.3789438009 -0.1179864630 -0.2366858572 0.0809797794 0.1522911042 0.4304040074 0.2409180850 -0.1354701817 -0.1072723344 0.0153730791 -0.3614674211 0.2053877860 -0.2081881911 -0.3522077799 0.3131954670 
0.1011005566 0.0993678197 0.2033862770 -0.2077257037 0.0566162653 -0.3021501303 -0.0865325630 -0.1091315746 0.0312047508 -0.1784085035 0.2300596088 -0.2668867409 0.2450702786 -0.2140915990 0.2313332856 0.1658588499 -0.2269394994 -0.2062465549 -0.2426067889 
0.2500345111 0.1286591887 -0.5610137582 0.0963266119 0.1724789143 -0.4160822928 -0.3765670061 -0.4888783991 0.2074250281 0.4116964042 0.3239549994 0.2514865100 -0.3236466646 0.1705758870 0.2498929054 0.3898253441 -0.5701003075 0.2080817521 0.1104550958 
0.1702205390 -0.1655215472 0.0901493579 -0.0891102627 -0.0707110018 0.1044753268 0.2880379260 0.2575297356 0.0852386057 -0.1299957633 -0.3175969124 -0.2824306786 0.1031237990 -0.1967729181 -0.1023674309 0.2923746109 -0.2944281995 -0.2234650701 0.3379025161 
-0.0098368833 0.1186186224 0.0371914469 0.3304140270 0.1120421886 0.1498018950 -0.1703389436 -0.2839440703 -0.1053697988 0.2981935143 -0.0529300719 -0.1608384997 -0.0877745897 -0.1482685506 -0.1774132699 -0.0512640662 0.1177631840 0.1497029215 -0.2877196372 
0.3605630100 -0.1021278650 0.2068226486 -0.2067109197 0.2039503753 -0.0999174640 0.0140546188 -0.0799125582 -0.0517994948 0.1023116186 0.0806147754 -0.1531709582 0.2127703279 -0.2085144520 -0.1407503188 0.0944523439 -0.1728519499 0.2420045435 -0.1042146832 
0.1905763894 0.3329185843 0.0108595919 0.2564966977 -0.1337265074 -0.1541670412 -0.1965798438 -0.1539968103 -0.2232872248 0.2467453927 -0.3417181671 0.2760834098 -0.1494031996 0.0228372030 0.2126384676 -0.3059456050 -0.1100731492 -0.1801194102 0.0402738117 
0.2940301597 0.2535699606 0.2816487849 -0.3737815619 -0.3195111156 0.2674911916 -0.1306164116 -0.2343985736 0.1398117840 -0.0584955662 0.2399108708 -0.0914401338 0.2404894829 -0.1681513637 0.3638111651 0.1836295128 -0.2615562081 -0.2631146610 -0.2582865953 
0.1039777696 -0.0902287811 0.2795435488 0.1792053729 -0.1242211387 0.1492618918 -0.0535052009 0.1861742288 -0.1402538270 -0.1506272554 0.2574121952 -0.1864342690 -0.0038983864 0.1013211161 0.0461626723 0.0234306958 0.1763156056 -0.1856344491 0.1377698034 
-0.1916769445 -0.0346453562 -0.2043979764 0.2626981735 -0.2578299642 0.3216851056 0.1816745698 0.0116715580 0.2641363740 -0.0422968045 0.0221319757 0.0868113935 0.1589241624 0.2109717727 -0.2722344100 -0.2522138059 -0.1566045284 -0.0733811557 0.2539314330 
0.3613164127 -0.3446671367 -0.3226344287 -0.1227915362 0.3209621310 -0.2713983059 0.3072966635 0.2901371121 0.2778792977 -0.3540386558 -0.2758210003 -0.3842855096 0.0396483615 0.2993018627 -0.3426175714 -0.1354462206 0.2970022559 0.1501804441 0.3975046277 
-0.1992608905 -0.4026707709 -0.0561668687 0.2101333886 0.1515493095 0.0389802866 0.1947837472 -0.2429241240 0.2523770928 -0.0850556344 -0.4418249428 -0.5173832178 0.0410806835 0.1370339394 -0.2923556566 -0.0000151106 0.1904395968 0.1257476956 0.2314908952 
0.1519741565 -0.3320839107 0.1034927964 0.2897558808 0.3692619503 0.0542892255 0.1406334490 -0.2982978523 -0.3490458727 0.1962692887 -0.5193448067 -0.3860752285 -0.0304987077 -0.1413675398 0.3051925302 -0.0033714978 -0.3161126077 0.1928734034 0.3388112783 
-0.1346797198 0.3003409505 -0.3712887466 0.4060101509 0.2925228179 -0.3686241508 0.2660970092 0.2416730076 0.1919172406 -0.3234431446 -0.1190845221 0.0846617967 -0.2839226127 0.2052315921 0.1947651058 -0.3449895084 -0.2349037081 0.2818495333 0.2233556658 
0.1789726317 -0.2324552983 0.0165849105 -0.1497897059 -0.2263186723 0.0746253729 0.0828258172 0.0576363243 -0.1391336024 -0.1979691237 -0.0307398681 0.1540336460 -0.0188141689 0.1087381244 0.1051128432 0.2494179010 0.0297857355 0.1546265334 0.1932720691 
-0.0304197166 -0.1208944395 0.3290744722 0.0456894785 -0.0044219899 0.1905667186 -0.0071141250 0.0067368746 -0.1365069002 -0.0032856853 0.0311461408 0.0828561112 -0.2486053407 -0.1741217375 0.1956222057 -0.2027064264 0.1310659200 -0.3266611397 0.3391896188 
0.3523419201 -0.0053099860 -0.2764081061 0.2850097418 0.2499768585 -0.0146708339 0.0412694030 0.2201248705 0.1050436348 -0.2232425511 -0.3067210615 0.2725316286 -0.1431965381 0.0945826843 -0.2461681962 -0.1721633971 0.2465749681 0.2437086254 -0.1628797054 
-0.0987910926 0.3101891279 -0.1450802684 0.1480447054 -0.3065491617 -0.0728448853 0.2083157599 -0.1909342557 -0.2468740344 0.1446941197 0.0316217989 -0.1272233427 0.3059914410 -0.1436884850 -0.1191803440 -0.1330045611 -0.0584075376 0.2600880265 0.0557331704 
-0.2168285102 -0.2424168885 0.4348808527 -0.1119890213 0.3457181156 0.0299533885 0.1784086972 0.2925533056 -0.2955456674 -0.2083798647 0.1193283945 -0.0599816404 -0.0749368966 -0.1438799351 0.3876831830 -0.1815731674 0.3331795633 -0.2178778797 -0.0599766262 
-0.4465650320 -0.2811366916 0.1322795600 0.2614875138 -0.3906433582 0.2487900406 -0.0805858597 0.2567942142 -0.3014588356 0.2499245405 0.1086848825 0.1384472847 -0.1372623742 -0.3545743525 -0.1821682751 -0.0066652903 0.2562675774 0.0293393601 -0.1028404757 
0.1848903000 0.1398428828 -0.2979285121 -0.2803533077 -0.3732614815 0.2135629058 0.1400221586 -0.2514065206 -0.2424418926 -0.2525714338 0.2157519907 -0.0595000312 0.0745313615 0.1853592247 -0.2994014621 0.1929885000 0.1884026676 -0.0323753096 0.2936017811 
-0.3171255887 0.0192770809 0.1952426434 -0.1494463235 -0.2826030254 0.0315255001 -0.1806650907 0.2179274261 -0.1653041095 0.1876713187 0.0108854221 0.3443666101 0.1363633722 -0.3241902292 0.2059581578 0.0191950072 -0.1868532449 -0.0691649467 -0.2950603664 
0.0826541856 -0.4544509947 0.0218579359 -0.1433368623 0.1666282266 0.1190165654 -0.3385388553 0.1065927744 0.2047076076 0.0896231309 -0.5078175664 -0.0171407517 0.0711668506 -0.0812136307 0.2013793439 0.2191489190 0.0927451029 0.0809656233 0.0970892534 
0.2282820344 0.0590165965 0.1112041622 0.3367116153 -0.2964389026 -0.1079719141 -0.2018201500 -0.3041165769 -0.1801673472 0.2588492334 0.0951733366 0.3532598019 -0.0860641226 -0.1328825802 -0.2252054065 -0.0565194488 0.2159488499 0.2720951438 -0.3730383515 
0.1061224639 0.0045158905 -0.1166106164 0.2877934873 -0.0494390614 -0.2205376327 0.2704479992 -0.0710211694 0.1347964108 0.2783349156 0.2068009526 -0.0877538994 -0.1862739176 0.3016131818 -0.1440788954 -0.0819062293 0.2685043514 -0.3429186642 -0.2457941473 
