bias_started
-0.2383783609
-0.2726913691
-0.1751507372
-0.1733496487
-0.1507647932
-0.1994226724
-0.2276691347
-0.1591458172
-0.1923354715
-0.2130925357
-0.1327407509
-0.1679462194
-0.0616111383
-0.2921288013
-0.1809100509
-0.1800132692
-0.1901715845
-0.1320112497
-0.2370694578
-0.1834199876
-0.1156550720
-0.1728453487
-0.1762203574
-0.2352955192
-0.2853157818
-0.1714404821
-0.1902522296
-0.0538534075
-0.2877701819
-0.0990276039
-0.2541945279
-0.2269378901
bias_stopped
