bias_started
-0.2312200963
-0.1973705441
-0.0645532012
-0.3775721490
-0.2158633024
-0.0565175042
-0.1516375989
-0.1611804366
-0.1642273366
-0.1484974623
-0.1595340073
-0.0869754776
-0.1634107828
-0.0183460247
-0.0627082214
-0.1297962815
-0.1050644368
-0.0723740608
-0.2419907302
-0.3066601157
-0.0819210783
0.1302785873
-0.1911968142
-0.2762302160
-0.2406882495
-0.2844014168
-0.2658471167
-0.0748882815
-0.0922252461
-0.0772922114
-0.0403602943
-0.3657557666
-0.0978486463
-0.1057339832
-0.0752634332
-0.0774062797
-0.4579833448
-0.0695096701
-0.0296999346
-0.1554070264
-0.0817321464
-0.0434605926
-0.0739922896
-0.1698382944
-0.0331125967
-0.0464090668
-0.2853460610
-0.2744330466
-0.1538399607
-0.0962015092
-0.1547739804
-0.1831680834
-0.4904153943
-0.0782280266
-0.0116436882
-0.4039568305
-0.2848806083
-0.3651922941
-0.0440708026
-0.0094798133
-0.1404115260
-0.2570812702
-0.2069728523
-0.0596775487
bias_stopped
