bias_started
0.0400860533
-0.0415209867
0.1018088385
-0.1340239793
0.0755119622
0.2358805686
-0.0859098658
0.0264398511
0.1356972605
0.0187121779
0.0328547135
0.1422086656
0.1011683047
0.0699821115
0.0356883593
0.0168786328
0.0109785013
-0.0179979019
0.0456659012
0.0350034013
-0.1262422949
0.0579862483
0.0460115820
0.2125569731
-0.0640353039
-0.0927951410
0.1907546967
-0.0300646722
-0.0083879577
0.3051871657
-0.0680552423
-0.1797841638
0.1268547475
0.0582304560
-0.0167352315
0.0325593799
0.0428672433
-0.1792272925
0.0261789132
0.0355073288
-0.1611505747
0.0310250241
-0.0176838413
0.0387404785
-0.0000623644
0.0075887302
-0.1157527268
-0.0219565388
0.0585713983
-0.1117629558
-0.0090998439
0.0463602841
0.0913126692
0.0308933295
0.0346202031
-0.0137375761
0.0302587990
0.0028123322
-0.1541814804
-0.1967163086
-0.0113417981
0.0670550168
0.0538375638
0.1394453645
-0.0518491715
0.0758354142
-0.0473273285
0.0361885019
-0.0509665832
0.0073887939
-0.0402089991
0.1829885989
0.0226677619
-0.0568663552
0.0680984855
-0.0106795151
0.1570602357
0.0446880274
0.1581262499
0.0804712549
-0.0476955250
0.0449323729
0.0038587539
0.1046585962
-0.0697038397
0.0329351202
-0.0574216619
0.0629637390
-0.0470782407
-0.0005289480
-0.0029679060
-0.0497290269
0.0035399941
0.0488402657
0.0135599729
-0.1039094701
-0.1780013144
-0.0564008541
0.0203884449
0.0197740514
0.0837070048
-0.0114175491
-0.0167972185
-0.0914167985
-0.0737904683
-0.0483008139
-0.0144638689
-0.1126701757
0.1585029215
0.0238431320
-0.0028952949
0.0716670752
-0.2056138366
0.0452021770
-0.1827311218
-0.0255376827
0.0585995615
0.0366425738
0.0095596351
-0.1266915500
0.0245405883
-0.0144696226
-0.0627872571
0.0317047685
0.2330283076
0.0310717747
-0.0284895599
0.1388926655
bias_stopped
