bias_started
-0.4877166748
0.3599024713
-0.0931806713
0.2293912619
-0.0098952968
-0.1004401296
-0.2236685157
0.0449289754
0.0948124379
0.1353826225
-0.1300488859
-0.2069084942
0.3751946688
0.1239652708
0.1694560051
-0.1029251739
-0.1703047007
-0.1150290743
-0.2732570171
-0.0060958280
0.0190939400
0.0515741147
-0.1614724398
-0.1217718348
0.2145387828
0.1833245903
0.1769419611
-0.0599422939
0.0311085228
0.2823186517
-0.1735255867
-0.1010144949
0.1756503284
-0.0441137403
-0.0657178834
0.1304402947
-0.1501616538
0.0669063181
0.0366913527
-0.0793910176
-0.0488690250
0.2152946591
-0.0840287060
0.1466392279
-0.0352828354
-0.2901483178
-0.0358117446
-0.0341608673
0.0778659210
-0.0391337201
0.1483563185
0.0366093107
-0.3778921962
0.0509052537
-0.1210329905
bias_stopped
