kernel_started
in_layer_started
matrix_started
-0.0776959807 -0.1309534609 -0.1607761830 -0.2777087688 -0.0364593491 -0.0472669676 -0.0838932469 -0.0388120860 0.2663534880 
-0.0104860598 -0.1004796103 -0.1429179758 -0.0110736387 -0.0312654749 0.0566165633 0.0748509467 0.1929933727 0.2452178001 
0.3135213256 0.5413852334 0.3508045971 0.3267408609 0.1736103296 0.2860931456 0.0395033434 -0.0141708050 0.0177486315 
0.2909791768 -0.0323009565 -0.1144822463 -0.1377201378 -0.1114717349 -0.0508292429 0.0402322412 -0.0691299811 -0.0248296056 
-0.0466179103 -0.0365133435 -0.1120044142 -0.0719175041 0.0778695941 0.0908920020 0.1198702380 0.0192715842 -0.0656004027 
0.0340353474 -0.1140390709 -0.1657463908 -0.1107417047 -0.0203894209 0.1129148901 -0.0818728581 -0.0281669572 0.0031184878 
-0.0242323205 -0.1126135439 -0.1001784056 -0.1237112358 -0.0938516855 0.1737094223 -0.0829595849 -0.0801100060 -0.0577857047 
-0.0295682736 -0.1127415672 -0.0999941677 -0.1126385480 -0.0727379024 0.0109688593 0.0151285632 -0.0647809952 -0.0011937300 
0.1262510717 0.1637897789 0.1617668420 0.1369664073 0.1598988622 0.2300286740 0.0675614327 0.0160435010 0.0130107785 
matrix_stopped
in_layer_stopped
in_layer_started
matrix_started
0.3453054428 -0.0334745310 0.0382711738 -0.0943530351 0.1861657351 0.1024402753 -0.1908477992 -0.1161822528 0.1341814697 
-0.0845270231 -0.0286046080 0.2088918090 0.1484978944 -0.1196312532 -0.1210456863 0.2324516773 -0.2740266621 0.1497310549 
-0.0867745876 0.1027385741 0.0876824483 0.0687804818 0.1675500274 0.0472061485 0.0914086103 0.1237846538 0.0365671851 
-0.1019946933 0.0051732967 -0.0517403558 -0.0501508079 0.0285408087 0.0795495436 0.1106361896 0.1037917957 -0.0365000293 
0.0807431713 0.0780322552 0.0069209170 0.0579888001 0.0087403152 -0.0721328333 0.2944277823 0.0892736390 -0.0898613110 
0.0763586909 0.1749037355 -0.0200053174 -0.0609890036 -0.0931914002 -0.0273435824 0.6104059815 -0.0092902565 -0.1926708817 
0.0225179475 0.1284781098 -0.0341456346 -0.1098520011 -0.0622203462 0.0844235569 0.0120578138 -0.1933371276 -0.0496793650 
0.1032007411 -0.0929980054 -0.0999412164 -0.1173265725 -0.0604835302 -0.0859780461 -0.0232770536 -0.0843533725 -0.1787128150 
-0.0655045286 -0.2054047734 -0.0928802490 -0.1076608002 -0.0605304390 -0.1561131477 0.0468839109 -0.2042678893 -0.1469541490 
matrix_stopped
in_layer_stopped
in_layer_started
matrix_started
-0.1018849909 -0.0754947439 -0.0530417338 0.1522052586 0.2416391075 -0.0512337983 -0.0211622305 -0.1212209761 0.1316581070 
-0.0876827538 -0.1334348470 -0.0815868899 0.3737001717 0.0223275051 -0.0635047704 -0.1765796095 0.0008926695 0.1372795254 
-0.1174949333 -0.2397691309 0.5931333899 0.1350248903 -0.0663947612 -0.1917822212 -0.0138428994 -0.1570921391 0.1062372625 
-0.2092666030 0.3977373242 0.2292135060 -0.0635744482 -0.2199480236 -0.1039107963 -0.1232077852 -0.0467575975 0.3239789903 
0.1071494371 0.2971872091 -0.0702443793 -0.1090861261 -0.1080820411 -0.0965964347 -0.0964208320 0.0892894492 0.0199133959 
0.1112232506 0.1130048409 -0.0955543369 -0.1620725095 -0.1447570473 -0.1358015388 -0.0533652268 0.0699941665 -0.0036188054 
0.2879700065 -0.0588312894 -0.1353156269 -0.0365338027 -0.0334858298 -0.1170976683 -0.0719196051 0.0326927118 0.3278139234 
0.2853239477 -0.1455781311 -0.1220821664 -0.1202833205 -0.0489986986 -0.0471793227 -0.0386385508 0.0548467673 0.0882090852 
0.2761851847 -0.0849486291 0.0461849272 -0.1487513036 0.0132463295 -0.0278939959 0.0527419746 0.0700731501 0.2013939768 
matrix_stopped
in_layer_stopped
in_layer_started
matrix_started
-0.1091533527 -0.0925343931 -0.0433880091 -0.0211050361 -0.0076705730 0.0912581608 0.0154649382 0.0287132915 -0.0168215558 
0.1494205147 -0.0291453414 0.0386175327 0.1399118006 0.0953644514 0.0108912122 0.0540295914 0.0514402166 0.0095475055 
-0.0260692388 0.0360123441 0.1008513942 0.1316169351 0.4765375555 0.4349998832 0.3180124164 0.2403310537 0.4738398492 
0.3361974359 0.0734112859 -0.0650400892 -0.1857687682 -0.1192141473 -0.0789624602 -0.1067704707 -0.1040802971 0.1139384285 
0.1425626129 -0.0773195475 -0.1244028583 -0.1414524019 -0.1684521139 0.0212229751 -0.0457221791 -0.1688016802 0.0436436050 
0.1365009099 -0.0768409371 -0.1537948400 -0.1376846731 -0.1331209540 0.0732155219 0.1431444585 -0.0378165804 0.0515798219 
0.0850051865 -0.0711941794 -0.1311605871 -0.0898088738 -0.0915143490 0.0057119937 0.0983209163 -0.0739344135 -0.0322739817 
0.0459675156 -0.0153674018 -0.2217229903 -0.1344230026 -0.0783295631 0.0352988429 0.1646012962 0.0070920326 0.0747795701 
-0.0334392488 -0.1841344535 -0.1390525401 -0.1094875261 -0.0806999728 0.0999979079 0.2004001141 0.1295230538 -0.0164328180 
matrix_stopped
in_layer_stopped
in_layer_started
matrix_started
0.1135578603 -0.0525707714 -0.1176063269 -0.1834702790 -0.1727150083 -0.0279434994 -0.1016831622 0.0196721554 0.0033665830 
-0.0766279995 -0.0637415871 -0.1516368240 -0.2528437376 -0.1898950338 -0.1083428562 0.1056764945 -0.0550492518 0.1110878959 
-0.1375244111 0.0241110418 -0.1687628478 -0.2284209579 -0.1803619117 0.0816202089 0.2387905717 -0.0090237577 0.1190908626 
-0.1005846038 -0.0484116562 -0.1415819675 -0.1492835283 -0.1144334152 0.0787315816 0.0254647713 0.1207321510 -0.0687044486 
0.1102071628 0.1286885440 0.0129055185 -0.1176760942 -0.1251060367 -0.0135233188 -0.0560472943 -0.0095849885 -0.1153154895 
0.0859711692 0.1940886527 0.0967880413 -0.0612572879 -0.0857152939 -0.0496909730 0.1029457375 0.0617372766 0.1019344404 
0.2881641984 0.2372723818 0.0880401060 -0.0649501681 -0.0831369013 -0.0190700274 0.1371790767 0.0554597117 0.0762149766 
0.1425233036 0.0779606253 0.0690589026 -0.0987371877 -0.1172768772 -0.1370502561 0.2120756209 -0.0529366955 0.0282246768 
0.1248984039 -0.0671872869 -0.0224758945 -0.1103664488 -0.1792607456 -0.0780084878 0.1652901918 -0.0142846908 0.1442306638 
matrix_stopped
in_layer_stopped
in_layer_started
matrix_started
0.1238378957 -0.0646521822 0.0556680597 0.1257811189 0.2217338532 -0.1967125833 -0.0718472004 -0.0074149515 0.3075098693 
-0.0003223683 -0.0122840255 -0.0840786994 0.0940756574 -0.0435335264 -0.0945521742 0.0270460602 -0.0518404655 0.1137920618 
0.0558950864 -0.0595090166 0.0180585962 -0.0408557467 0.0802326798 -0.0645477548 -0.2229683995 -0.0519838110 -0.0409897678 
0.0856683627 0.0257427916 -0.1889113337 -0.0490677990 -0.0267964154 0.5485847592 -0.0182758607 0.0064766798 -0.0805174485 
0.0751267001 -0.0276516601 -0.0707418695 -0.2399775237 -0.1482588798 0.2233069688 0.0425981060 0.5270945430 -0.1439152956 
0.0204353370 -0.0500028953 -0.0632495433 -0.0579846688 0.1190826297 0.0698999092 -0.2478656024 -0.1362801045 0.0340770036 
0.2569974065 -0.1763464212 -0.0097460756 -0.0393670760 0.1151902378 -0.2581168115 0.0277246702 -0.0797622949 -0.0943834186 
0.1551799327 -0.1273632646 0.0895053595 -0.0386031196 -0.1056730077 -0.0323342644 -0.0129321590 0.1296750903 -0.0303681567 
0.3982862830 -0.1116933003 0.0483067222 -0.0641656518 -0.0742176175 -0.0193454046 0.0877680331 -0.0270302948 0.0049987254 
matrix_stopped
in_layer_stopped
in_layer_started
matrix_started
0.0395916738 -0.0229257867 -0.0815916657 -0.0064003752 -0.0965621993 -0.0704237297 0.3085175753 -0.2032885104 0.1625537127 
0.0593937412 -0.0445244722 -0.0141161103 -0.1397938728 -0.1415271163 0.0269144494 -0.1683745086 -0.2079501301 0.4033265412 
0.0588997528 -0.0129821198 -0.0282147788 -0.0146988183 -0.1007525250 0.0102349492 0.2446532398 0.5052518249 0.2916055620 
-0.0017044075 -0.0036379173 -0.0255556926 -0.1356385797 -0.1522600204 -0.0005203472 -0.0584738366 -0.0768162832 -0.1654344946 
0.0887839124 0.0756212994 -0.0193396434 -0.1360164136 -0.1260613799 -0.0004674080 0.0021383839 0.0486007221 -0.1612825096 
-0.0515733436 0.1082257628 -0.0417310968 -0.0965542942 -0.0425982252 0.0099066952 0.0984015539 0.1893247068 0.0273485631 
-0.0266258717 0.0518681444 -0.1118774191 0.0630292892 -0.1521277279 0.1440621614 0.0954278782 0.0107048936 -0.0145819932 
0.0279368460 -0.2051839381 -0.0462567359 0.0337337330 0.0959869027 0.0769802704 -0.0131041547 -0.0559128970 -0.1180813313 
-0.1345816255 0.0434940048 0.0073634507 0.0873652250 0.0438367613 -0.0196926035 0.0335050412 -0.0829390883 -0.1576324105 
matrix_stopped
in_layer_stopped
in_layer_started
matrix_started
0.0030425477 0.0031186223 0.0623282082 0.0180536155 0.0196218379 0.0964701921 0.0326804891 0.1812671870 0.4619359672 
0.0676846802 -0.0117807928 0.0493777618 0.0134486509 0.0748458728 0.0161958653 0.0659805015 -0.1681872308 -0.1675479263 
0.0271405615 0.0344367512 -0.0271905512 -0.0490263961 -0.0734443665 -0.1483609378 0.0299425591 0.0641108379 0.1129097864 
-0.0922067016 -0.0247392915 -0.1367212683 -0.1055576503 -0.0112819094 -0.0279277805 -0.0192615800 0.0947199762 0.2823001146 
-0.1844198853 -0.2090063542 -0.0875401124 0.0833984092 -0.0932021886 0.0119862091 -0.0798558071 -0.1279173046 -0.1490300000 
0.3422186673 0.1637600809 -0.0595786460 0.1302171350 0.0237286780 0.0919185653 0.0672661215 -0.1703012735 -0.1563980132 
0.0686251819 -0.0747643411 -0.2259441167 -0.2582789063 -0.2112911940 0.0753823668 0.0763781816 0.0898135677 -0.0298697893 
0.0587625578 0.1489139497 0.5602172613 0.6704829931 -0.1113057882 -0.1133266687 -0.1497565061 -0.0265824720 0.0875189677 
-0.0945266113 -0.1453509778 -0.3436587751 -0.0293156952 -0.0202468913 0.0985342488 0.0468207709 0.1468448937 0.0818668306 
matrix_stopped
in_layer_stopped
in_layer_started
matrix_started
0.0866286829 0.1217984483 -0.1033775136 -0.0553994142 0.2696583271 0.1067646965 -0.0686953440 -0.1847430319 -0.1614134610 
0.0683885962 -0.1127330586 -0.0288364459 0.1731860191 0.1656992584 0.1079959720 -0.0249412935 -0.1006093696 -0.0931593999 
0.1157369539 0.0514362305 -0.0361340120 0.0092208600 0.1194522902 -0.0075253057 0.0267508756 -0.0730554163 0.0026792223 
0.0132901389 0.0003618189 -0.0463043973 0.0042869970 0.3427397907 -0.0339646339 -0.1451864243 -0.0833054408 -0.0734398440 
0.0262921751 -0.0596146286 -0.1101536676 -0.1072486341 0.4507825971 0.1019394770 -0.1850787103 -0.1706256121 -0.1494572014 
0.0442820154 0.0094545633 -0.0848721489 -0.0622039102 -0.0535334535 1.0149239302 0.0136608891 0.1498244703 -0.2288996279 
-0.0233761389 -0.1463322043 -0.1015317217 -0.1288508177 -0.2127361745 0.1635881066 -0.0130464500 0.2494128048 -0.0910626575 
0.0353639498 -0.0272742566 -0.1468674690 -0.0543902032 -0.1514535546 0.0141567048 -0.0801892430 0.0800207183 0.2229740471 
0.0204995479 -0.1077012792 -0.1573638469 -0.0389086567 -0.0640943348 0.2242317051 0.0509342290 0.1782927513 0.0771132931 
matrix_stopped
in_layer_stopped
in_layer_started
matrix_started
-0.0705170110 0.0567172244 -0.0257296562 -0.0897287875 0.1332538724 0.1027691886 -0.0696348399 0.0159022044 -0.0379879028 
0.0438380875 -0.0638147071 -0.2021377981 0.1788845807 0.1075447276 0.1187072247 -0.0795728564 0.0208400562 -0.2052284330 
0.0588876307 0.0564367883 -0.1794192344 0.2905660868 -0.1334290951 -0.1437890977 -0.0472862907 -0.0688941479 0.1034570038 
0.0095098410 0.0734786838 -0.0480041169 0.0045837332 -0.0247500688 -0.0241514686 -0.0572108142 -0.1364486068 0.2909112275 
0.0649864748 -0.0822709501 -0.0197711475 0.0023555101 -0.2430078089 0.1492187232 -0.0281306896 0.0521038212 0.1239791065 
-0.0418130271 -0.2257840484 0.3699153066 0.0014928182 -0.0761872381 -0.0682849810 0.2467370629 -0.0518430583 -0.0758301690 
-0.1203672588 -0.0445531495 0.3184423745 -0.2012220621 0.1165381446 -0.2118244469 0.1477140933 -0.0597698502 0.0806847662 
-0.0730843842 0.0554551519 0.0250589754 -0.0979284346 0.1082614884 0.0200894140 -0.0220345315 -0.2133819461 -0.0844885707 
-0.0632164478 0.1728537530 0.0033686438 -0.1824397594 0.2814046144 -0.0104726600 -0.0582360849 0.0712561309 0.3576094806 
matrix_stopped
in_layer_stopped
in_layer_started
matrix_started
-0.0405668505 -0.0153119918 -0.0924220011 -0.0657665879 0.0374726132 -0.0432826467 0.1351837665 0.2390038669 0.2506184578 
-0.0080488184 0.0532331541 -0.1703610271 -0.0769176483 0.2031611949 -0.0819056556 -0.0125337290 -0.0331580713 0.1269125044 
0.0302441865 -0.0226033479 -0.0601717383 -0.1705825031 -0.0162837449 0.2416739613 0.0747032389 -0.0659508780 0.1598178595 
-0.0588139445 -0.3359781802 0.9214696884 -0.3039708436 0.0444404334 -0.0166035164 -0.0727989376 -0.0464491695 -0.1373576522 
-0.0453068390 -0.1565744728 0.6001871824 -0.1463893801 -0.1357425004 -0.0384565629 -0.1310546994 -0.0378735624 0.0515714586 
-0.0029028186 -0.0466404594 -0.2233237028 -0.0714329258 -0.0409309715 -0.0385665409 -0.0524650365 0.0350986570 0.1013681963 
0.1623081863 -0.0635359511 -0.2127752900 0.1474785805 -0.0487602651 -0.0612365678 -0.0859850943 -0.0201843455 0.0860730410 
0.0523213558 0.0623613037 -0.1610423177 0.1289701313 0.0576193519 -0.1592117995 -0.0347691849 -0.0831184089 0.4707031548 
0.2891425192 0.1313120425 0.0592697188 0.1363514960 0.0220878664 -0.1083501428 -0.0308317952 -0.0804738477 0.2566432357 
matrix_stopped
in_layer_stopped
in_layer_started
matrix_started
-0.1138868183 0.0540468991 0.2643774152 0.4063851833 0.6543095708 -0.1135427356 -0.0455532707 -0.0713527426 -0.0456835330 
-0.1872228682 -0.1234044135 -0.0761941224 -0.0845149085 0.1473092437 -0.0560413674 -0.1056228951 0.0002130398 0.1385114044 
-0.1911623627 -0.0950287953 -0.2014972270 -0.0121143600 0.0269723572 -0.1168056652 -0.0330556035 -0.0083147464 0.1537514478 
0.0181911904 -0.1181895137 -0.1165202036 0.1236503720 -0.1359950602 -0.0459655523 -0.1165666878 -0.1078580916 -0.0071194968 
-0.0114484942 -0.0047666091 0.1004692689 0.4098417163 0.1862520725 0.0792855248 0.0533628985 -0.1178227365 0.0592164323 
0.0245641451 0.1100188643 0.0113916527 0.0049038539 0.0078504328 0.0150778368 -0.0234202426 0.1022863686 0.0329715386 
0.0654908270 -0.0565257370 0.0555473827 0.0580400564 0.0376169942 -0.0024583410 0.0024567281 0.0098817078 0.0171044189 
-0.0852854252 0.0641512573 0.0420490652 0.0540282018 -0.0047780816 -0.0288575906 -0.0232621022 -0.0557441190 -0.0433845073 
0.1355478168 -0.0169474389 0.0633232370 0.0695500672 -0.0288763940 -0.0933443829 -0.2071614414 -0.2244094461 -0.0838009492 
matrix_stopped
in_layer_stopped
in_layer_started
matrix_started
-0.1222628877 -0.2410339117 -0.2376285791 -0.2266433090 -0.0925115347 -0.0113092009 0.0224030651 0.0190814696 0.1043923795 
-0.1452557445 -0.1509680897 -0.2042678893 -0.1950639337 -0.0800358951 0.0644660220 0.0326844342 -0.0667914450 0.0452793315 
-0.0052893809 -0.0573527180 -0.0989390016 -0.0871834084 0.0586916171 0.0832553878 -0.0868453681 0.0408339016 0.1908384711 
-0.1129632816 -0.1697303355 -0.1920964271 -0.1592832655 -0.0486987233 -0.1054516882 0.0721636564 0.3085608780 0.2794887424 
-0.0559973605 -0.0048273476 0.0357166156 0.1245284900 0.1739953905 0.2881638110 0.4337063730 0.1416369677 0.1938656569 
-0.1302950829 -0.1000101939 -0.0431621298 0.0226379745 0.0060205222 0.2197662294 -0.0152870100 -0.1385131627 0.0357704982 
-0.0644820482 0.0804134533 0.0892499760 0.1919019520 0.1613767743 0.1061398461 0.0061660521 -0.0346999168 -0.1174304485 
0.0532577485 0.2288141251 0.4477469325 0.3550257087 0.1824156195 0.1730446666 0.0042682854 -0.0905886292 -0.1063202769 
0.4060107470 0.1497851014 0.0995359495 -0.1203309074 -0.0699378848 0.1424097419 0.0141940732 -0.1554774344 -0.1487588882 
matrix_stopped
in_layer_stopped
in_layer_started
matrix_started
0.0649357289 0.1310953200 -0.0896870270 -0.0727959201 -0.0526987016 -0.1669900417 0.0342760123 0.4330395460 0.1471784711 
-0.0818689242 -0.0701173693 0.1216611043 -0.1051857546 -0.0533246323 0.0957328454 -0.2031284720 0.2229256481 -0.1390598863 
0.1405050308 0.0296923034 0.0446802080 -0.0411472507 0.0969057530 0.2146540284 0.0192959122 0.1766175330 0.0381101556 
0.0214929897 -0.0500938743 -0.0194332078 -0.0321899541 -0.0848274007 0.0919853598 0.1424253434 0.0129912654 -0.1379212141 
-0.0100206109 -0.0631190240 -0.0671262741 -0.0669130906 -0.0494200625 0.0147219021 -0.0595742650 0.0009799277 -0.0989896581 
-0.1370244324 0.0050437222 -0.0226835907 -0.0161919463 0.0651544482 0.0397111960 0.1086180285 -0.0335078128 0.1207294762 
-0.1006358266 -0.0044240737 0.0335008018 -0.0105704116 0.1235190332 0.0471975766 -0.0713654831 -0.0515631363 -0.0095672784 
-0.1569014192 -0.0723031387 0.1171061844 0.0715102926 -0.0395586677 -0.1738208681 -0.0377724357 0.0123177636 -0.0508096442 
-0.1313527226 -0.0147162015 0.0654826015 0.1563105136 -0.0577172600 -0.1132358983 -0.1111568063 0.0215018354 -0.0736479536 
matrix_stopped
in_layer_stopped
in_layer_started
matrix_started
0.7148770094 0.2040163130 -0.1482320577 -0.1541365534 -0.2506548166 -0.1457505077 -0.1350423545 0.1131333858 0.1744290143 
0.3421595395 0.1008609459 -0.1308474690 -0.0499724634 -0.1943767220 -0.1362581700 0.0805466101 0.1939426661 0.0518198796 
0.0174223650 0.5664160848 0.1943819374 -0.1969821751 -0.1182251722 -0.1219317243 0.1763142049 0.1928759217 0.1746029109 
-0.1819375455 -0.0610731505 0.5261486769 0.0570248961 -0.0952408165 -0.0751194432 -0.0304595940 -0.1196799949 0.1257213652 
-0.1287888736 -0.1896172613 0.0155176530 0.3385859132 -0.0739792511 0.1167811006 -0.1499829292 0.0545952618 -0.0245796237 
0.0972373188 -0.1281121820 -0.1579767615 0.0399333462 -0.0481524728 0.2758374214 0.2148284912 -0.0858396366 0.1547291726 
-0.1433174610 -0.1755320728 0.0807353929 -0.0542768314 0.0770088658 0.1388946623 0.0298557226 -0.0245142374 -0.0775338560 
-0.1015735641 -0.0841215998 -0.0894278586 -0.0406922251 0.4267661572 0.0714005381 -0.1477852017 -0.0960271731 -0.0247815624 
-0.1552456021 -0.0997373238 0.0187302232 -0.0273131914 0.5612208843 0.1738282442 -0.1023597941 -0.0152382301 0.0043583093 
matrix_stopped
in_layer_stopped
in_layer_started
matrix_started
-0.0232983101 -0.0367631763 0.0613787211 0.0540832616 0.0078335768 -0.1471559256 -0.1564153433 -0.0661372840 0.0543785580 
0.0445042141 -0.0627814233 0.0234809518 0.0459512062 -0.0420795456 -0.0784997046 -0.1266816705 -0.1147281975 -0.0757448152 
-0.0456811786 -0.0577939227 -0.0365999117 0.0344884694 -0.0220986363 0.0388449058 -0.0648833513 -0.1026719809 -0.2118125260 
0.1783157140 0.0276542455 0.0662610605 0.0442024767 -0.1226348430 -0.0455847718 0.0625707582 -0.1421241909 0.0641580746 
0.2956014574 0.1419852972 0.1322440356 0.1467088610 0.1016820520 -0.2141533941 0.0015007058 0.1217587888 0.0558559559 
-0.0231694113 -0.1067336872 -0.0930395424 -0.1119692475 0.0576629229 0.6118198633 0.4267303050 0.4725016057 0.2348141670 
0.1224919707 0.0210377742 0.0426115207 0.0249792188 0.0485279560 -0.0372317396 -0.1338240206 -0.0372854881 0.0497723147 
0.0105934273 -0.0217265096 -0.0240227189 0.0131531525 -0.1371648312 -0.0206880923 -0.1494868398 -0.1052496433 0.0528994501 
-0.0204565991 -0.1143664569 -0.0572068617 -0.0939935669 -0.1010454744 -0.0847110599 -0.1325364709 -0.1356440187 -0.0495351814 
matrix_stopped
in_layer_stopped
in_layer_started
matrix_started
0.0723851696 0.0161017999 0.1601140201 0.2098402232 0.2121757567 0.1932577491 0.0541032478 -0.1367099136 -0.2447016835 
-0.1253709048 0.1340619028 0.1050331220 -0.0221399833 0.0596420169 -0.0224757865 -0.1244954467 -0.1474455595 -0.0729274079 
0.1901995391 -0.0251485854 -0.0164703820 -0.0635491088 0.0417418666 -0.0196519233 0.0423893631 0.0898994431 0.0714905709 
0.0562079810 -0.1283102781 -0.1121003553 -0.1289501935 -0.1321491599 0.0098868487 0.1871471703 0.0450362563 0.0101247756 
-0.0045425822 0.0416068733 -0.0744962394 -0.0274632759 -0.0627532303 -0.0016106308 -0.0844131410 -0.0277644768 0.2499670535 
0.0217583720 -0.0038448812 -0.1149780750 -0.1671067625 -0.1760920584 -0.0530426353 -0.0098000998 0.0573504753 0.1505467892 
0.0283143818 -0.1203082278 -0.0687154830 -0.1345211715 -0.2787797749 -0.2495772541 0.1480493993 0.2365453839 0.0488764308 
0.0629433021 -0.1173897237 -0.1301636845 -0.2403389066 -0.1151260361 -0.0076961555 0.0587518625 0.1256212890 0.0569574013 
0.1602718979 0.1752120703 0.1133877262 0.3134744763 0.5190628171 0.5529464483 -0.2674549222 -0.0837313458 -0.0467200167 
matrix_stopped
in_layer_stopped
in_layer_started
matrix_started
0.3645848036 0.0822260827 -0.0876618028 0.0023376015 -0.1840502173 -0.1362950504 -0.1414457858 -0.1794453263 -0.1591842622 
0.5070794225 -0.1862256676 -0.2698575854 -0.0669725612 -0.1901315153 -0.2168025821 -0.1236965284 -0.1901327521 -0.0850173235 
0.2541218400 0.0713945702 0.1466042846 -0.0839045644 0.2698971629 -0.0058050565 -0.1436248720 -0.2187557817 -0.1205175444 
0.0076305373 0.0903244764 0.1818904877 -0.1360686272 0.1599586010 0.2895784676 0.1107541546 -0.0188661385 -0.0222893115 
-0.0488679893 0.1389858425 0.0713526681 -0.1321239471 -0.1396685839 0.0766753629 0.3147653639 0.1694792062 0.2489788830 
0.0690061003 -0.2055721432 0.2351733446 -0.1348685324 -0.2371538132 -0.0607725866 0.0147151910 0.1391570717 -0.0068561267 
0.0445455275 0.0935672298 0.0261195134 0.2614515424 0.0274523441 0.0284419674 -0.1202520132 0.0187952314 -0.0340786651 
-0.0826558024 -0.0684320554 0.0771307945 0.0356145427 -0.0519554578 0.1235784218 0.1688597947 0.1199532673 0.1259934157 
0.0409084670 0.0576059557 0.2971792817 0.1621297896 0.1464592665 0.3641691506 0.0292765070 -0.1107205302 0.3107044697 
matrix_stopped
in_layer_stopped
in_layer_started
matrix_started
0.0650871173 0.0244313609 -0.0656412542 -0.0836091563 -0.0785624161 -0.0349580012 0.0748200491 0.1620787829 0.1042774543 
0.0882170275 0.0249335617 0.1164486408 -0.0280662291 -0.0348635726 -0.0930550769 -0.0318602473 -0.1190272123 0.1003269106 
-0.1139054596 -0.0079565011 0.0248766504 0.0252471212 -0.0711422712 0.0604013577 -0.0743695721 -0.0278261919 0.1785226315 
-0.0492536053 -0.1305808872 0.0945914760 -0.0205511190 0.0504695028 0.0630701855 0.0223037526 -0.0881520212 0.0693120062 
-0.0163694769 -0.1342556626 -0.1053239405 -0.1062699407 -0.0647347048 0.1204240024 -0.0610556342 -0.1270069033 0.0293556508 
0.2661537528 0.0216196291 0.0491485149 -0.0480402485 -0.2331178933 -0.2589714527 -0.1980725676 -0.1455082893 0.1159987599 
0.2563570738 0.1000923216 0.4410422146 0.4459148943 0.7649213672 0.3328794837 0.4781894386 0.2060115933 0.2859055996 
0.3036102653 -0.0509296767 -0.0563453548 -0.2168633938 -0.1917168945 -0.1992972344 -0.1774476171 -0.1655747890 0.1327253878 
-0.0645580292 -0.2141081840 -0.1673917770 -0.1800321937 -0.1114010587 0.0143067082 -0.0242438428 0.0419487655 0.0763863772 
matrix_stopped
in_layer_stopped
in_layer_started
matrix_started
0.0830040798 0.0569500588 -0.1602370292 -0.2302642465 -0.1370633692 0.0521038361 0.2526051104 0.3279278278 0.1860981882 
0.0284528583 0.1534767300 0.0090274569 0.0573839657 0.0167364702 0.1452175826 -0.0199976508 0.0857250988 0.2636813521 
-0.0604649000 -0.1736859828 -0.0975198001 0.3704114854 0.5140882134 0.2151652724 -0.0789207593 -0.1838312298 -0.1220344007 
-0.0299169235 0.0955215171 -0.0588386059 0.0387493894 -0.1673114449 -0.0250251461 0.0075692357 -0.0989853442 -0.0951921418 
0.0630210787 0.3424133956 0.2758694291 -0.1013082042 -0.0098087620 -0.0470561199 -0.0455749780 0.2825443149 0.0968183950 
0.2069242448 0.1364605129 0.0193734188 -0.0484424867 -0.1193729490 -0.0529853143 0.0448282100 0.0302249454 -0.0450212546 
0.0490733199 -0.2226473689 0.0321519896 -0.0663625598 0.0915560797 -0.0527922362 -0.1310227960 -0.0394439697 0.1265812069 
-0.0338457823 -0.0643859431 -0.1334374845 -0.0888595507 -0.1451500952 -0.0192094222 0.0267021675 0.0030470875 0.0445997044 
-0.0810881853 0.0431725085 -0.0883264914 -0.1102816761 -0.1401062161 -0.1198700294 -0.0285777207 0.0638765469 0.1842687577 
matrix_stopped
in_layer_stopped
in_layer_started
matrix_started
-0.2628437281 -0.3192422986 0.1845182478 -0.0227215216 0.0583475940 0.2160203904 -0.1476165503 0.0555487797 -0.0091609117 
-0.0730547160 0.1295126975 0.5651259422 -0.1189417168 -0.0838680491 -0.1882621795 0.0845561847 -0.0646451488 0.1313311607 
-0.0214453712 -0.0531825162 0.3211309314 -0.2191685438 -0.0449745655 0.2514355779 0.1710487008 0.0542935096 -0.0497383885 
0.1232866272 0.1066861302 0.2870931327 0.0950847417 -0.0706648752 0.0802832246 0.0336395167 -0.2001613826 -0.0644062981 
0.0368160456 -0.2208603770 0.2848516703 -0.1480188519 -0.2495433241 -0.0848747343 0.0313596949 -0.1508477777 0.2930723131 
0.1042489186 -0.1350257248 0.0808427706 -0.1224453673 -0.2647086680 -0.0113272602 0.0109019214 0.4212667048 0.3209770024 
-0.0485677868 -0.0150165725 0.1462982446 -0.0694489628 -0.1609103382 0.0544962771 0.3345085084 0.2210992128 -0.0138677871 
-0.0563726649 0.0646704063 0.4694075584 -0.1619789302 -0.0557187796 0.1259051412 0.0201522205 -0.1643000692 -0.2326824218 
0.0219465345 0.0689626336 0.6444689035 0.1132849902 -0.1588852108 0.1546099782 -0.0012813405 0.0216876343 -0.0888660103 
matrix_stopped
in_layer_stopped
in_layer_started
matrix_started
-0.0753445253 0.1580658555 0.2503255904 0.1443529129 0.1701434404 0.1289270520 0.2725310326 0.0660964251 0.2767464817 
0.0334931575 0.2853819132 0.0255623851 -0.1250573695 -0.1730914116 -0.0161369238 0.1967969835 0.2242783606 0.1670850515 
-0.1089205295 0.3026107252 -0.0980310142 0.0085378243 -0.0800457746 -0.2246527970 -0.1744211614 -0.1913144886 0.2653954327 
0.0100033274 0.2029295415 0.0273003485 -0.1106136665 0.0176941231 -0.0824646354 -0.0772585794 -0.2413470745 0.0481370427 
-0.2032252103 0.3185940385 0.3884572685 -0.0558691993 -0.3265151978 -0.1637817919 0.0298336148 0.0536327921 0.3759578466 
0.1240388006 0.0136141274 0.1842254251 0.3995794952 0.3747805059 0.3664651215 0.2656230032 0.1245279908 0.0501547270 
-0.0356901139 0.0871402621 -0.1137051582 -0.1400132626 -0.0402732193 -0.0007757557 0.2115498185 0.1344644576 0.2707147598 
-0.0754710212 -0.0715252757 -0.0165432300 0.0256113894 0.0143617895 0.0298678968 -0.0754647031 0.0105647892 -0.0352025665 
-0.1859886050 0.0115104234 -0.1278101951 -0.1763174236 -0.1148142517 -0.1005353555 0.0650043041 -0.1747243404 -0.0185564719 
matrix_stopped
in_layer_stopped
in_layer_started
matrix_started
0.0139050120 -0.1651626378 0.1235063076 0.0506635122 0.0657113492 -0.0099121230 -0.0556107536 0.0035810228 0.0357596427 
0.0030616699 -0.0126764160 -0.0275473800 -0.1744822711 0.1636089683 -0.0313270837 -0.0621357821 -0.0268825758 0.2137008160 
0.0195707958 -0.0838802382 0.3031969368 -0.1699861735 -0.1284414381 0.0243817382 -0.1382555217 0.1735732406 0.0876921192 
0.0638745427 -0.2404764146 0.2338031977 -0.0500984676 -0.0823942050 -0.1354205310 0.0742096677 0.0678169280 -0.0086140865 
-0.0388173349 -0.0591721013 -0.0467538312 0.1129595041 -0.3151665926 0.1439061165 0.1654812098 -0.0016199757 -0.0635300651 
-0.0228863861 -0.2502532005 0.0474831834 0.3699738383 0.2403531373 -0.2175399363 -0.1452899724 -0.1138729155 -0.0297047570 
0.1865023226 -0.1424293369 -0.2957415879 -0.0792195350 0.4352819920 -0.0554770976 -0.0505595505 0.0512475744 0.0024177984 
0.2020187527 -0.1005522534 -0.0857693031 0.0929727927 0.0635143593 -0.1031485721 -0.0294103157 -0.0761635453 -0.0087647894 
0.1211668849 -0.0988425836 -0.0804818794 0.0275444333 0.2876138091 -0.1102982536 -0.0458186008 0.0247249845 0.0107845608 
matrix_stopped
in_layer_stopped
in_layer_started
matrix_started
0.3445826769 -0.0671047941 -0.0206514858 -0.0339952894 0.0576494671 0.0112201162 0.1691029966 -0.0323492885 -0.0461150557 
0.3224124312 0.0135207186 -0.0291477013 0.0315907188 -0.1014025733 -0.0929960907 0.0393962152 0.0528339334 0.0176979136 
0.1166807041 0.0176664535 -0.0313605554 -0.1003211290 0.0081514996 0.0593004897 -0.0491044521 -0.1513964087 -0.0148222260 
-0.1425872445 0.1853709221 0.0474378578 -0.0581889339 -0.0837237686 0.1406822503 -0.0802407414 -0.1277981997 -0.0488731600 
0.0545657054 0.1051398814 0.0425577164 -0.0168423839 0.0497673713 0.0415441729 0.0251414683 -0.0234782044 -0.1131165847 
-0.0466786809 0.0411868878 0.0610858686 -0.0393727534 -0.0243636575 0.1278049648 -0.0561283231 -0.0563643724 -0.1325244159 
0.0459633209 -0.0446713120 -0.0106621599 -0.0302346479 0.0751382113 -0.0613388754 0.0736259222 -0.1120802984 -0.0383174010 
-0.0231487993 -0.0257164333 -0.0552993156 0.0114270970 -0.1296627522 -0.0721974075 -0.0647169203 0.0181645304 0.2676555216 
0.0805433616 0.0135353301 -0.0703523532 -0.0028069692 0.0094710719 0.0447508544 0.0356164575 0.1429146528 0.3073747456 
matrix_stopped
in_layer_stopped
in_layer_started
matrix_started
0.3004137874 0.0535464063 0.0316859297 -0.0522951037 0.0539893843 -0.0442971922 -0.0685882121 -0.0384827666 0.1956120580 
0.0595628880 0.2536872923 0.0698310137 0.0669756681 -0.0705914199 -0.0552162267 -0.0209388770 -0.0208910368 -0.1058967635 
-0.0454861335 0.0332891271 0.0426900387 0.0607181489 0.0533640832 0.0016181413 -0.0611025095 -0.0658699051 0.0006412083 
-0.0749055147 -0.0101804845 0.0243631620 0.1367819756 0.0136353932 -0.0980204195 -0.0594826266 -0.0071559944 -0.1068333909 
-0.1528109163 -0.0762213096 -0.0537106358 0.0762777179 0.2065321207 0.0572267398 0.0778766498 -0.0171101373 0.0517062843 
-0.1595605165 -0.0360546447 -0.1208993495 -0.0643481910 -0.1066478193 -0.0478661768 0.0118014151 0.1762145162 -0.1245146319 
-0.1022552773 -0.0819483250 -0.0458311066 -0.0805940405 -0.0435089692 0.1308743507 0.0211505443 -0.0950361788 0.0106290942 
-0.0908842757 -0.1235622168 -0.0921932906 -0.0458861515 0.0049505499 -0.0318764299 0.1250140220 0.1333861351 0.1044630930 
-0.1261146963 -0.1379305571 -0.0640030131 0.0166169275 0.0077449796 -0.0008665452 0.0550428666 -0.0118970685 0.4711603224 
matrix_stopped
in_layer_stopped
in_layer_started
matrix_started
-0.0155783836 0.1841125637 0.0047249519 0.0036630330 0.1924615353 0.1584976614 -0.1248145700 0.0125995558 -0.1114962846 
-0.0502098575 0.1330249608 -0.1200498864 -0.0695176348 -0.0826617628 0.2734163105 -0.0587905757 -0.0385581478 -0.1101034656 
-0.1169678941 -0.0878469348 0.0139535312 0.0126010897 -0.0775085092 0.0800017342 0.0731532872 0.0214292351 -0.0719634742 
-0.0635728911 0.0605790205 0.1843040138 -0.1645455211 -0.1005657688 0.2911688089 -0.0085375812 -0.0998409688 0.0035216247 
-0.1608834565 -0.0624452420 -0.0147901140 -0.0706949979 0.1527038068 -0.1009218171 -0.0137630682 0.1384559870 -0.1307342947 
-0.1069397032 0.0575787574 0.3433728516 -0.1144625843 0.1289761662 -0.0558752418 0.2082745284 0.0562915690 0.1787112057 
-0.0497152954 -0.1108611375 -0.2591886520 0.1775006354 -0.0389800183 -0.0690609440 0.0521530658 0.0467200875 -0.1404085159 
-0.1032938808 0.1105214059 0.0752106085 -0.0442289524 -0.0419598855 -0.0047203349 0.1607278436 0.0131815616 -0.1101496443 
-0.0825191960 -0.0920782164 -0.1192196608 0.4019468427 -0.0573934317 0.1458463073 -0.0036073318 -0.0457121134 -0.0124898367 
matrix_stopped
in_layer_stopped
in_layer_started
matrix_started
-0.0552062541 -0.1308199465 -0.2288768440 -0.2214450240 -0.1779497415 -0.0141822966 0.0040279031 -0.0322942697 0.1063492298 
0.3935879469 0.0419739708 -0.2264740467 -0.1797222495 -0.0634477884 -0.0509058237 -0.1176736951 -0.0081279762 0.0101168538 
0.0611863546 0.0554298051 -0.0413424410 -0.0386304222 -0.0852688029 -0.1007020324 0.0296986438 -0.1206917986 -0.1212135330 
0.2606344521 0.1866663992 0.3932639360 0.0646180362 -0.0521798022 -0.0084717833 -0.0918802544 -0.0164503846 0.0120932804 
-0.0500530340 0.0381050743 0.3538699150 0.5930772424 0.3056349158 -0.0684495121 -0.1207923368 -0.1925831586 -0.0787684098 
-0.1102492660 -0.0141599504 -0.2248356342 -0.1243647262 0.1046070829 0.1920702606 -0.0293959677 -0.1096087471 -0.1727437377 
0.0570768341 -0.1595340818 -0.0733052716 -0.0308876745 0.1360104829 0.2023718357 0.2938141823 0.0137342168 -0.0157083590 
0.0895681977 0.0323706232 -0.0528622046 -0.1671884507 -0.0426239744 0.1164101064 0.3846560121 0.2816827595 0.2904100120 
0.0806332976 0.0042845067 -0.0201462712 -0.0103996042 -0.0207887813 -0.0941628218 -0.0598911010 0.1232068315 0.4200807810 
matrix_stopped
in_layer_stopped
in_layer_started
matrix_started
0.0161415003 0.1658364683 0.1059222221 -0.0404691100 0.0606060140 -0.0208132043 -0.0255604498 -0.0269603189 -0.0515968204 
0.2014023215 0.2570707202 0.2086180449 0.0195319150 0.1885152906 0.2382059842 -0.0350675993 0.0668753088 -0.0357531346 
-0.0340582728 0.0843760073 0.0182655696 -0.1797593087 0.0652014315 0.1253232062 -0.0582634360 -0.0613946617 -0.0886313394 
0.0687997863 0.0337307826 0.0331200510 0.1933847070 -0.0032608905 0.1567347646 0.0314135253 -0.2444884330 -0.2356280982 
0.0778698549 -0.0978238657 0.1876370162 0.0845595971 -0.0312270317 0.1723595560 -0.1821249276 -0.2961746156 -0.2784798145 
0.3294791877 -0.1399241239 0.3740534782 0.1693852246 -0.0047521656 0.1622356921 -0.0697496682 -0.1654247195 -0.2662637234 
0.2574301362 0.1302909553 0.1821660101 0.0702917054 0.1945163608 0.1309744865 -0.0223898795 -0.2042112201 -0.1805379689 
0.3621025085 0.1027745530 0.0336581171 -0.0871691406 0.0136712221 0.1105647609 -0.0697708651 0.0003039913 -0.3170026541 
-0.1145359725 -0.0587512664 -0.0255259722 -0.1109587774 -0.0603464693 -0.0406640470 -0.0225988962 -0.0145022776 -0.2271202058 
matrix_stopped
in_layer_stopped
in_layer_started
matrix_started
-0.0592720099 -0.2180563211 -0.1327384263 0.0179951806 0.0748253614 0.1251645833 0.0518921018 0.0952921435 0.2142103761 
-0.1706818491 0.3037445247 0.5871139169 0.0944733098 -0.0405410975 -0.0644476637 -0.0569828488 -0.0809721798 -0.1180374175 
0.2935198843 0.5383255482 -0.0678549334 -0.1693136394 0.0067003323 -0.0298668239 -0.1068016812 -0.0809407160 -0.0538475811 
0.1456125677 -0.1693975329 -0.1278768033 -0.0473544225 -0.1265799254 0.0018878294 -0.0012482293 0.0094612110 -0.0494234450 
-0.0975711197 -0.1229528263 -0.1266883463 -0.1578073949 -0.1302643716 0.0112608140 0.0941312015 0.1548895836 0.0385068096 
-0.1226225197 -0.1301759630 -0.1094271839 -0.1174796075 -0.0291687008 0.0013936171 0.1314044595 -0.0065854415 0.1694182605 
-0.1125724316 -0.1448242068 -0.0960486829 -0.0101635018 -0.0137207238 0.1066344455 0.0823466256 0.1097460464 0.1525194645 
0.0061588320 -0.0319079310 0.0586910807 0.0161916856 -0.0837787911 -0.0233339369 0.0230149888 0.0588614941 0.0428526960 
0.0052117212 0.0752639547 0.0178232063 0.0256225429 -0.0732781217 -0.0395963714 0.0929501653 -0.0704982430 -0.0653694123 
matrix_stopped
in_layer_stopped
in_layer_started
matrix_started
-0.1544172317 -0.1975241452 -0.1024084166 -0.0298745390 -0.1297453195 -0.0428380817 0.2192353010 -0.0660384521 0.0022366017 
-0.1545435786 -0.1204109713 0.0136488639 -0.0250374433 0.0065710428 -0.0555174127 0.0203687921 0.1123030484 0.2681295276 
-0.2589439452 -0.1417083442 -0.0653612763 -0.0719243661 -0.0021120203 -0.0344355293 0.0340726078 0.1072145700 0.4357939661 
-0.1029462069 -0.1011150330 -0.0944593027 -0.0221020728 -0.0000194109 0.0723306686 0.1232800484 0.1304913908 0.1911994666 
0.0536338389 -0.0543761477 -0.0576868355 0.0681946129 0.1701599509 0.1972524077 0.2296659052 0.1182602271 0.1222895086 
-0.0593744218 -0.0478819720 0.1002003029 0.0433053300 0.1208712161 0.1440245211 0.3268961608 0.0721925199 0.2651034594 
-0.2506646216 -0.1632885337 -0.0920353904 -0.1461053342 -0.1427606642 0.0842634290 0.1245424002 0.2670550346 0.1608629525 
-0.1441610605 -0.1466736943 -0.1434244365 -0.1313985437 -0.0689883083 0.0155259920 0.0976381898 0.2359119058 0.1905574948 
-0.1953584254 -0.1715569049 -0.1518131346 -0.1466918886 -0.1252330840 -0.0797360539 0.0346022062 0.2297822237 0.2927474380 
matrix_stopped
in_layer_stopped
in_layer_started
matrix_started
0.0676500723 -0.1220155507 -0.1460950077 -0.1508781016 -0.2086615860 -0.1570838094 0.1380085051 0.0841334164 0.1759102046 
0.3421865702 0.3290885389 0.3351550698 0.2359496951 -0.0204540994 -0.0155520858 0.4190594256 -0.1549821198 -0.0483740717 
-0.1437978595 -0.2049036771 -0.2875544727 -0.1767078936 -0.1708995104 0.0336198397 0.0080763362 -0.0300731491 0.1105809733 
-0.0500059351 -0.1269378662 0.0204631910 -0.1366026253 -0.0622631125 -0.0865437463 0.0017112152 -0.0363371298 0.3136100471 
0.0617050044 -0.0211948976 0.1945545524 0.1033342630 -0.0878364667 0.0314809382 -0.0343094580 -0.0100053102 -0.0192873087 
0.0120849917 0.0038524703 0.2556984723 0.0721345320 0.0016101173 0.0737245157 -0.1115270108 -0.1153225973 0.0968519226 
0.0933195204 0.1075784341 -0.1781362295 0.0135197947 -0.0526165999 -0.0988476574 -0.0122627569 0.0783795640 -0.1664821804 
-0.0534483977 -0.1413413286 0.0455410779 -0.2020710707 0.0872508958 0.1557234228 0.0490638502 0.0868337005 0.2004575729 
-0.0687205046 0.0507266894 -0.0863192379 0.2352052778 0.0549567901 0.0313684121 0.0327573828 0.0927845687 -0.1439896226 
matrix_stopped
in_layer_stopped
in_layer_started
matrix_started
0.1207843199 -0.0173671730 -0.1340712756 -0.0604031980 0.1233232617 0.1498942822 0.2322628349 0.0302007627 0.0567020997 
0.0056672948 -0.0916976929 -0.1189722791 -0.1268782765 -0.1827499419 -0.1009532586 -0.0414820723 0.2954638302 0.1071051732 
0.1769668460 0.0694677681 -0.1686643362 -0.0762724653 -0.1509622782 -0.0702836886 -0.0562373549 0.1956343949 0.1769281328 
-0.1373784542 -0.0220780522 -0.0647647530 -0.0585763678 -0.0737396106 -0.1120311990 -0.0528524518 0.1076385900 -0.0030860642 
-0.0002244631 -0.0640461892 -0.0531434380 -0.1452269554 -0.0112759434 0.0042354600 -0.0677560419 -0.0838954970 -0.0073040538 
0.1805588454 -0.1367313266 -0.0163120646 -0.1420057863 0.0435023531 0.0627165660 -0.1668712199 -0.1684958637 -0.0122925369 
0.1278409064 0.0427055247 0.1389366984 0.0279848613 0.0442384332 -0.0515072830 -0.0880919248 -0.0568688251 -0.0606988482 
0.1156919822 0.0811509117 0.0629721731 0.3624656200 -0.0767812058 -0.0884771347 -0.0874682367 -0.0952521414 -0.0172052830 
0.3171778917 -0.0619123541 0.0572545603 0.1340630054 0.2571855187 0.0689173639 -0.1122371256 0.0446178690 0.0404437780 
matrix_stopped
in_layer_stopped
kernel_stopped
